10 2
10.000
162.000 125.000 152.000 110.000 200.000 139.000 146.000 146.000 153.000 158.000 
0.000 72.000 76.000 56.000 58.000 60.000 65.000 72.000 68.000 39.000 
72.000 0.000 40.000 55.000 51.000 56.000 62.000 63.000 73.000 58.000 
76.000 40.000 0.000 58.000 72.000 25.000 52.000 65.000 71.000 74.000 
56.000 55.000 58.000 0.000 73.000 79.000 90.500 72.000 39.000 84.500 
58.000 51.000 72.000 73.000 0.000 72.000 26.000 56.000 71.000 72.000 
60.000 56.000 25.000 79.000 72.000 0.000 76.000 51.000 70.000 70.000 
65.000 62.000 52.000 90.500 26.000 76.000 0.000 78.000 76.000 57.000 
72.000 63.000 65.000 72.000 56.000 51.000 78.000 0.000 29.000 73.000 
68.000 73.000 71.000 39.000 71.000 70.000 76.000 29.000 0.000 53.000 
39.000 58.000 74.000 84.500 72.000 70.000 57.000 73.000 53.000 0.000 
0.000 0.000 0.000 0.000 4766.000 0.000 0.000 0.000 0.000 147.000 
0.000 0.000 187.000 0.000 0.000 0.000 0.000 3674.000 0.000 0.000 
0.000 187.000 0.000 0.000 0.000 103.000 0.000 0.000 2754.000 0.000 
0.000 0.000 0.000 0.000 0.000 3445.000 160.000 0.000 107.000 160.000 
4766.000 0.000 0.000 0.000 0.000 0.000 110.000 0.000 0.000 0.000 
0.000 0.000 103.000 3445.000 0.000 0.000 169.000 0.000 0.000 169.000 
0.000 0.000 0.000 160.000 110.000 169.000 0.000 0.000 0.000 3864.000 
0.000 3674.000 0.000 0.000 0.000 0.000 0.000 0.000 174.000 0.000 
0.000 0.000 2754.000 107.000 0.000 0.000 0.000 174.000 0.000 0.000 
147.000 0.000 0.000 160.000 0.000 169.000 3864.000 0.000 0.000 0.000 
