26 2
10.000
173.000 150.000 161.000 143.000 166.000 200.000 119.000 182.000 134.000 192.000 105.000 158.000 103.000 164.000 122.000 193.000 194.000 167.000 132.000 200.000 102.000 129.000 132.000 182.000 195.000 199.000 
0.000 78.000 56.000 74.000 60.000 71.000 72.000 80.000 58.000 57.000 62.500 53.000 52.000 74.000 75.000 73.000 57.000 67.000 62.000 76.000 71.000 73.000 78.000 67.000 61.000 53.000 
78.000 0.000 56.000 73.000 55.000 68.000 75.000 73.500 97.500 57.000 68.000 78.000 55.000 33.500 59.000 57.000 59.000 73.000 69.000 75.000 67.000 79.000 70.000 60.000 58.000 61.000 
56.000 56.000 0.000 75.000 29.000 67.000 68.000 54.000 66.000 62.000 57.000 61.000 58.000 56.000 74.000 69.000 51.000 25.000 71.000 56.000 69.000 77.000 66.000 54.000 56.000 63.000 
74.000 73.000 75.000 0.000 80.000 62.000 52.000 60.000 66.000 52.000 53.000 55.000 60.000 66.000 71.000 79.000 71.000 74.000 58.000 30.000 77.000 59.000 69.000 61.000 61.000 54.000 
60.000 55.000 29.000 80.000 0.000 75.000 78.000 80.000 52.000 23.000 78.000 79.000 57.000 55.000 55.000 64.000 76.000 74.000 62.000 63.000 59.000 65.000 75.000 51.000 52.000 67.000 
71.000 68.000 67.000 62.000 75.000 0.000 79.000 57.000 70.000 73.000 78.000 77.000 71.000 77.000 76.000 78.500 78.000 68.500 72.000 66.000 62.000 63.000 76.000 61.000 54.000 72.000 
72.000 75.000 68.000 52.000 78.000 79.000 0.000 78.000 59.000 75.000 80.000 54.000 91.000 54.000 61.000 78.000 69.000 54.000 67.000 74.000 65.000 52.000 61.000 55.000 73.000 61.000 
80.000 73.500 54.000 60.000 80.000 57.000 78.000 0.000 79.000 56.000 125.500 53.000 52.000 72.000 60.000 58.000 55.000 72.000 52.000 78.000 79.000 76.000 62.000 52.000 67.000 49.000 
58.000 97.500 66.000 66.000 52.000 70.000 59.000 79.000 0.000 56.000 149.500 80.000 79.000 80.000 60.000 77.000 55.000 80.000 76.000 102.000 56.000 68.000 52.000 70.000 56.000 73.000 
57.000 57.000 62.000 52.000 23.000 73.000 75.000 56.000 56.000 0.000 56.000 53.000 73.000 53.000 78.000 71.000 72.000 71.000 57.000 58.000 76.000 26.000 63.000 58.000 67.000 73.000 
62.500 68.000 57.000 53.000 78.000 78.000 80.000 125.500 149.500 56.000 0.000 66.000 51.000 54.000 69.000 63.000 69.000 76.000 60.000 61.000 54.000 74.000 58.000 72.000 71.000 77.000 
53.000 78.000 61.000 55.000 79.000 77.000 54.000 53.000 80.000 53.000 66.000 0.000 52.000 60.000 61.000 65.000 54.000 68.000 69.000 61.000 97.500 84.000 62.500 71.000 73.000 73.000 
52.000 55.000 58.000 60.000 57.000 71.000 91.000 52.000 79.000 73.000 51.000 52.000 0.000 72.000 62.000 59.000 60.000 68.000 64.000 73.000 84.000 67.000 52.000 59.000 66.000 51.000 
74.000 33.500 56.000 66.000 55.000 77.000 54.000 72.000 80.000 53.000 54.000 60.000 72.000 0.000 68.000 55.000 54.000 71.000 70.000 55.000 57.000 57.000 61.000 64.000 28.000 63.000 
75.000 59.000 74.000 71.000 55.000 76.000 61.000 60.000 60.000 78.000 69.000 61.000 62.000 68.000 0.000 117.500 117.000 107.500 79.000 73.000 79.000 78.000 69.000 100.000 65.000 59.000 
73.000 57.000 69.000 79.000 64.000 78.500 78.000 58.000 77.000 71.000 63.000 65.000 59.000 55.000 117.500 0.000 53.000 75.000 54.000 59.000 66.000 56.000 75.000 72.000 61.000 79.000 
57.000 59.000 51.000 71.000 76.000 78.000 69.000 55.000 55.000 72.000 69.000 54.000 60.000 54.000 117.000 53.000 0.000 64.000 58.000 58.000 54.000 62.000 51.000 60.000 66.000 72.000 
67.000 73.000 25.000 74.000 74.000 68.500 54.000 72.000 80.000 71.000 76.000 68.000 68.000 71.000 107.500 75.000 64.000 0.000 79.000 65.000 51.000 70.000 80.000 57.000 62.000 56.000 
62.000 69.000 71.000 58.000 62.000 72.000 67.000 52.000 76.000 57.000 60.000 69.000 64.000 70.000 79.000 54.000 58.000 79.000 0.000 77.000 61.000 72.000 60.000 32.000 65.000 72.000 
76.000 75.000 56.000 30.000 63.000 66.000 74.000 78.000 102.000 58.000 61.000 61.000 73.000 55.000 73.000 59.000 58.000 65.000 77.000 0.000 59.000 68.000 64.000 51.000 51.000 80.000 
71.000 67.000 69.000 77.000 59.000 62.000 65.000 79.000 56.000 76.000 54.000 97.500 84.000 57.000 79.000 66.000 54.000 51.000 61.000 59.000 0.000 67.000 52.000 77.000 79.000 73.000 
73.000 79.000 77.000 59.000 65.000 63.000 52.000 76.000 68.000 26.000 74.000 84.000 67.000 57.000 78.000 56.000 62.000 70.000 72.000 68.000 67.000 0.000 56.000 58.000 65.500 73.000 
78.000 70.000 66.000 69.000 75.000 76.000 61.000 62.000 52.000 63.000 58.000 62.500 52.000 61.000 69.000 75.000 51.000 80.000 60.000 64.000 52.000 56.000 0.000 80.000 58.000 25.000 
67.000 60.000 54.000 61.000 51.000 61.000 55.000 52.000 70.000 58.000 72.000 71.000 59.000 64.000 100.000 72.000 60.000 57.000 32.000 51.000 77.000 58.000 80.000 0.000 55.000 65.000 
61.000 58.000 56.000 61.000 52.000 54.000 73.000 67.000 56.000 67.000 71.000 73.000 66.000 28.000 65.000 61.000 66.000 62.000 65.000 51.000 79.000 65.500 58.000 55.000 0.000 64.000 
53.000 61.000 63.000 54.000 67.000 72.000 61.000 49.000 73.000 73.000 77.000 73.000 51.000 63.000 59.000 79.000 72.000 56.000 72.000 80.000 73.000 73.000 25.000 65.000 64.000 0.000 
0.000 0.000 0.000 2019.000 0.000 0.000 0.000 0.000 0.000 0.000 193.000 0.000 0.000 0.000 0.000 0.000 0.000 0.000 0.000 0.000 0.000 0.000 0.000 0.000 0.000 0.000 
0.000 0.000 0.000 0.000 0.000 0.000 0.000 118.000 108.000 0.000 0.000 0.000 0.000 141.000 0.000 0.000 0.000 0.000 0.000 0.000 0.000 0.000 0.000 0.000 0.000 4443.000 
0.000 0.000 0.000 0.000 193.000 0.000 0.000 0.000 0.000 0.000 0.000 0.000 0.000 0.000 0.000 0.000 0.000 160.000 2698.000 0.000 0.000 0.000 0.000 0.000 0.000 0.000 
2019.000 0.000 0.000 0.000 0.000 0.000 0.000 0.000 0.000 0.000 0.000 0.000 0.000 0.000 0.000 0.000 0.000 0.000 0.000 151.000 0.000 0.000 0.000 0.000 0.000 0.000 
0.000 0.000 193.000 0.000 0.000 0.000 2158.000 0.000 0.000 199.000 0.000 0.000 0.000 0.000 0.000 0.000 0.000 0.000 0.000 0.000 0.000 0.000 0.000 0.000 0.000 0.000 
0.000 0.000 0.000 0.000 0.000 0.000 0.000 0.000 0.000 0.000 0.000 0.000 0.000 0.000 4836.000 192.000 192.000 107.000 0.000 0.000 0.000 0.000 0.000 194.000 0.000 0.000 
0.000 0.000 0.000 0.000 2158.000 0.000 0.000 0.000 0.000 0.000 0.000 0.000 200.000 0.000 0.000 0.000 0.000 0.000 159.000 0.000 0.000 0.000 0.000 0.000 0.000 0.000 
0.000 118.000 0.000 0.000 0.000 0.000 0.000 0.000 4935.000 0.000 155.000 0.000 0.000 0.000 0.000 0.000 0.000 0.000 0.000 136.000 0.000 0.000 0.000 0.000 0.000 118.000 
0.000 108.000 0.000 0.000 0.000 0.000 0.000 4935.000 0.000 0.000 155.000 0.000 0.000 0.000 0.000 0.000 0.000 0.000 0.000 136.000 0.000 0.000 0.000 0.000 0.000 108.000 
0.000 0.000 0.000 0.000 199.000 0.000 0.000 0.000 0.000 0.000 0.000 0.000 2654.000 0.000 0.000 0.000 0.000 0.000 0.000 0.000 0.000 119.000 0.000 0.000 0.000 0.000 
193.000 0.000 0.000 0.000 0.000 0.000 0.000 155.000 155.000 0.000 0.000 0.000 0.000 0.000 0.000 0.000 0.000 0.000 0.000 3446.000 0.000 0.000 0.000 0.000 0.000 0.000 
0.000 0.000 0.000 0.000 0.000 0.000 0.000 0.000 0.000 0.000 0.000 0.000 0.000 0.000 0.000 0.000 0.000 0.000 0.000 0.000 181.000 181.000 118.000 0.000 3453.000 0.000 
0.000 0.000 0.000 0.000 0.000 0.000 200.000 0.000 0.000 2654.000 0.000 0.000 0.000 0.000 0.000 0.000 0.000 0.000 0.000 0.000 176.000 0.000 0.000 0.000 0.000 0.000 
0.000 141.000 0.000 0.000 0.000 0.000 0.000 0.000 0.000 0.000 0.000 0.000 0.000 0.000 0.000 0.000 0.000 0.000 0.000 0.000 0.000 0.000 3642.000 0.000 158.000 0.000 
0.000 0.000 0.000 0.000 0.000 4836.000 0.000 0.000 0.000 0.000 0.000 0.000 0.000 0.000 0.000 184.000 184.000 107.000 0.000 0.000 0.000 0.000 0.000 194.000 0.000 0.000 
0.000 0.000 0.000 0.000 0.000 192.000 0.000 0.000 0.000 0.000 0.000 0.000 0.000 0.000 184.000 0.000 2098.000 0.000 0.000 0.000 0.000 0.000 0.000 0.000 0.000 0.000 
0.000 0.000 0.000 0.000 0.000 192.000 0.000 0.000 0.000 0.000 0.000 0.000 0.000 0.000 184.000 2098.000 0.000 0.000 0.000 0.000 0.000 0.000 0.000 0.000 0.000 0.000 
0.000 0.000 160.000 0.000 0.000 107.000 0.000 0.000 0.000 0.000 0.000 0.000 0.000 0.000 107.000 0.000 0.000 0.000 0.000 0.000 0.000 0.000 0.000 4721.000 0.000 0.000 
0.000 0.000 2698.000 0.000 0.000 0.000 159.000 0.000 0.000 0.000 0.000 0.000 0.000 0.000 0.000 0.000 0.000 0.000 0.000 0.000 0.000 0.000 0.000 157.000 0.000 0.000 
0.000 0.000 0.000 151.000 0.000 0.000 0.000 136.000 136.000 0.000 3446.000 0.000 0.000 0.000 0.000 0.000 0.000 0.000 0.000 0.000 0.000 0.000 0.000 0.000 0.000 0.000 
0.000 0.000 0.000 0.000 0.000 0.000 0.000 0.000 0.000 0.000 0.000 181.000 176.000 0.000 0.000 0.000 0.000 0.000 0.000 0.000 0.000 2579.000 0.000 0.000 112.000 0.000 
0.000 0.000 0.000 0.000 0.000 0.000 0.000 0.000 0.000 119.000 0.000 181.000 0.000 0.000 0.000 0.000 0.000 0.000 0.000 0.000 2579.000 0.000 0.000 0.000 112.000 0.000 
0.000 0.000 0.000 0.000 0.000 0.000 0.000 0.000 0.000 0.000 0.000 118.000 0.000 3642.000 0.000 0.000 0.000 0.000 0.000 0.000 0.000 0.000 0.000 0.000 0.000 101.000 
0.000 0.000 0.000 0.000 0.000 194.000 0.000 0.000 0.000 0.000 0.000 0.000 0.000 0.000 194.000 0.000 0.000 4721.000 157.000 0.000 0.000 0.000 0.000 0.000 0.000 0.000 
0.000 0.000 0.000 0.000 0.000 0.000 0.000 0.000 0.000 0.000 0.000 3453.000 0.000 158.000 0.000 0.000 0.000 0.000 0.000 0.000 112.000 112.000 0.000 0.000 0.000 0.000 
0.000 4443.000 0.000 0.000 0.000 0.000 0.000 118.000 108.000 0.000 0.000 0.000 0.000 0.000 0.000 0.000 0.000 0.000 0.000 0.000 0.000 0.000 101.000 0.000 0.000 0.000 
