30 2
10.000
107.000 158.000 187.000 171.000 104.000 118.000 194.000 177.000 142.000 110.000 152.000 141.000 118.000 137.000 121.000 128.000 141.000 105.000 141.000 185.000 128.000 136.000 172.000 127.000 105.000 193.000 156.000 156.000 112.000 160.000 
0.000 71.000 63.000 57.000 55.000 59.000 71.000 73.000 63.000 73.000 72.000 54.000 52.000 63.000 71.000 68.000 68.000 65.000 54.000 52.000 78.000 78.000 76.000 58.000 77.000 63.000 39.500 57.000 56.000 63.000 
71.000 0.000 65.000 80.000 80.000 70.000 73.000 76.000 76.000 53.000 68.000 71.000 56.000 59.000 67.000 51.000 75.000 63.000 56.000 64.000 70.000 62.000 75.000 58.000 68.000 58.000 64.000 52.000 60.000 28.000 
63.000 65.000 0.000 76.000 63.000 78.000 78.000 53.000 71.000 61.000 61.000 25.000 70.000 69.000 66.000 77.000 69.000 64.000 51.000 56.000 67.000 67.000 56.000 57.000 59.000 60.000 75.000 71.000 58.000 72.000 
57.000 80.000 76.000 0.000 75.000 77.000 41.000 65.000 59.000 75.000 51.000 64.000 61.000 78.000 76.000 78.000 69.000 37.500 60.000 73.000 80.000 70.000 73.000 77.000 79.000 71.000 78.000 73.000 68.000 66.000 
55.000 80.000 63.000 75.000 0.000 51.000 55.000 63.000 62.500 56.000 57.000 51.000 78.000 61.000 25.000 69.000 57.000 55.000 63.000 54.000 79.000 70.000 66.000 76.000 60.000 63.000 76.000 52.000 58.000 69.000 
59.000 70.000 78.000 77.000 51.000 0.000 51.000 77.000 80.000 60.000 55.000 67.000 63.000 79.000 64.000 65.000 70.000 51.000 59.000 67.000 78.000 52.000 58.000 64.000 26.000 80.000 72.000 73.000 76.000 67.000 
71.000 73.000 78.000 41.000 55.000 51.000 0.000 79.000 56.000 51.000 62.000 72.000 64.000 80.000 58.000 54.000 56.000 58.000 74.000 75.000 21.000 73.000 74.000 60.000 79.000 66.000 70.000 63.000 57.000 72.000 
73.000 76.000 53.000 65.000 63.000 77.000 79.000 0.000 78.000 26.000 64.000 71.000 66.000 32.000 80.000 71.000 66.000 71.000 61.000 78.000 70.000 65.000 52.000 62.000 51.000 58.000 79.000 65.000 60.000 51.000 
63.000 76.000 71.000 59.000 62.500 80.000 56.000 78.000 0.000 78.000 78.000 69.000 70.000 63.000 61.000 80.000 61.000 79.000 72.000 51.000 64.000 52.000 77.000 72.000 62.000 71.000 54.000 76.000 87.500 76.000 
73.000 53.000 61.000 75.000 56.000 60.000 51.000 26.000 78.000 0.000 79.000 63.000 67.000 76.000 69.000 73.000 59.000 76.000 77.000 75.000 64.000 52.000 30.000 51.000 55.000 54.000 67.000 73.000 56.000 76.000 
72.000 68.000 61.000 51.000 57.000 55.000 62.000 64.000 78.000 79.000 0.000 74.000 76.000 53.000 58.000 78.000 62.000 72.000 76.000 66.000 71.000 78.000 70.000 56.000 79.000 69.000 54.000 61.000 102.500 76.000 
54.000 71.000 25.000 64.000 51.000 67.000 72.000 71.000 69.000 63.000 74.000 0.000 58.000 66.000 51.000 77.000 58.000 77.000 78.000 56.000 79.000 72.000 66.000 56.000 57.000 63.000 21.000 76.000 74.000 79.000 
52.000 56.000 70.000 61.000 78.000 63.000 64.000 66.000 70.000 67.000 76.000 58.000 0.000 59.000 78.000 88.000 78.000 77.000 60.000 68.000 69.000 55.000 70.000 54.000 75.000 59.000 61.000 55.000 70.000 71.000 
63.000 59.000 69.000 78.000 61.000 79.000 80.000 32.000 63.000 76.000 53.000 66.000 59.000 0.000 67.000 58.000 53.000 70.000 52.000 65.000 63.000 77.000 80.000 64.000 68.000 75.000 52.000 80.000 55.000 51.000 
71.000 67.000 66.000 76.000 25.000 64.000 58.000 80.000 61.000 69.000 58.000 51.000 78.000 67.000 0.000 54.000 67.000 58.000 60.000 75.000 79.000 62.000 65.000 77.000 63.000 72.000 72.000 79.000 60.000 64.000 
68.000 51.000 77.000 78.000 69.000 65.000 54.000 71.000 80.000 73.000 78.000 77.000 88.000 58.000 54.000 0.000 61.000 77.000 80.000 78.000 83.000 72.000 78.000 57.000 59.000 65.000 54.000 73.000 114.500 73.000 
68.000 75.000 69.000 69.000 57.000 70.000 56.000 66.000 61.000 59.000 62.000 58.000 78.000 53.000 67.000 61.000 0.000 75.000 75.000 56.000 79.000 85.000 51.000 64.000 75.000 77.000 68.000 27.000 77.000 69.000 
65.000 63.000 64.000 37.500 55.000 51.000 58.000 71.000 79.000 76.000 72.000 77.000 77.000 70.000 58.000 77.000 75.000 0.000 62.000 61.000 70.000 80.000 57.000 68.000 69.000 67.000 63.000 79.000 51.000 31.000 
54.000 56.000 51.000 60.000 63.000 59.000 74.000 61.000 72.000 77.000 76.000 78.000 60.000 52.000 60.000 80.000 75.000 62.000 0.000 51.500 54.000 76.000 51.000 51.000 62.500 75.000 51.000 55.000 88.000 58.000 
52.000 64.000 56.000 73.000 54.000 67.000 75.000 78.000 51.000 75.000 66.000 56.000 68.000 65.000 75.000 78.000 56.000 61.000 51.500 0.000 62.000 68.000 71.000 65.000 51.000 61.000 77.000 63.000 68.000 68.000 
78.000 70.000 67.000 80.000 79.000 78.000 21.000 70.000 64.000 64.000 71.000 79.000 69.000 63.000 79.000 83.000 79.000 70.000 54.000 62.000 0.000 52.000 56.000 56.000 55.000 73.000 73.000 54.000 56.000 58.000 
78.000 62.000 67.000 70.000 70.000 52.000 73.000 65.000 52.000 52.000 78.000 72.000 55.000 77.000 62.000 72.000 85.000 80.000 76.000 68.000 52.000 0.000 65.000 72.000 72.000 68.000 66.000 80.000 78.000 62.000 
76.000 75.000 56.000 73.000 66.000 58.000 74.000 52.000 77.000 30.000 70.000 66.000 70.000 80.000 65.000 78.000 51.000 57.000 51.000 71.000 56.000 65.000 0.000 78.000 76.000 21.000 67.000 56.000 76.000 72.000 
58.000 58.000 57.000 77.000 76.000 64.000 60.000 62.000 72.000 51.000 56.000 56.000 54.000 64.000 77.000 57.000 64.000 68.000 51.000 65.000 56.000 72.000 78.000 0.000 73.000 27.000 72.000 22.000 69.000 69.000 
77.000 68.000 59.000 79.000 60.000 26.000 79.000 51.000 62.000 55.000 79.000 57.000 75.000 68.000 63.000 59.000 75.000 69.000 62.500 51.000 55.000 72.000 76.000 73.000 0.000 58.000 70.000 51.000 54.000 68.000 
63.000 58.000 60.000 71.000 63.000 80.000 66.000 58.000 71.000 54.000 69.000 63.000 59.000 75.000 72.000 65.000 77.000 67.000 75.000 61.000 73.000 68.000 21.000 27.000 58.000 0.000 69.000 57.000 67.000 55.000 
39.500 64.000 75.000 78.000 76.000 72.000 70.000 79.000 54.000 67.000 54.000 21.000 61.000 52.000 72.000 54.000 68.000 63.000 51.000 77.000 73.000 66.000 67.000 72.000 70.000 69.000 0.000 58.000 75.000 65.000 
57.000 52.000 71.000 73.000 52.000 73.000 63.000 65.000 76.000 73.000 61.000 76.000 55.000 80.000 79.000 73.000 27.000 79.000 55.000 63.000 54.000 80.000 56.000 22.000 51.000 57.000 58.000 0.000 74.000 74.000 
56.000 60.000 58.000 68.000 58.000 76.000 57.000 60.000 87.500 56.000 102.500 74.000 70.000 55.000 60.000 114.500 77.000 51.000 88.000 68.000 56.000 78.000 76.000 69.000 54.000 67.000 75.000 74.000 0.000 78.000 
63.000 28.000 72.000 66.000 69.000 67.000 72.000 51.000 76.000 76.000 76.000 79.000 71.000 51.000 64.000 73.000 69.000 31.000 58.000 68.000 58.000 62.000 72.000 69.000 68.000 55.000 65.000 74.000 78.000 0.000 
0.000 140.000 0.000 0.000 0.000 0.000 0.000 0.000 0.000 0.000 0.000 0.000 0.000 0.000 0.000 0.000 0.000 0.000 0.000 0.000 0.000 0.000 4862.000 0.000 0.000 0.000 129.000 0.000 0.000 0.000 
140.000 0.000 0.000 0.000 0.000 0.000 0.000 0.000 0.000 0.000 0.000 0.000 0.000 0.000 0.000 0.000 0.000 0.000 0.000 0.000 0.000 0.000 0.000 0.000 0.000 4835.000 0.000 0.000 0.000 111.000 
0.000 0.000 0.000 0.000 0.000 0.000 0.000 0.000 0.000 0.000 0.000 128.000 0.000 3426.000 0.000 0.000 0.000 0.000 0.000 0.000 0.000 0.000 0.000 0.000 0.000 0.000 0.000 0.000 0.000 0.000 
0.000 0.000 0.000 0.000 0.000 0.000 121.000 0.000 0.000 0.000 0.000 0.000 0.000 0.000 0.000 0.000 3784.000 167.000 0.000 0.000 0.000 146.000 0.000 0.000 0.000 0.000 0.000 0.000 0.000 0.000 
0.000 0.000 0.000 0.000 0.000 0.000 0.000 0.000 162.000 0.000 0.000 0.000 0.000 0.000 110.000 0.000 0.000 0.000 162.000 0.000 0.000 0.000 0.000 0.000 4017.000 0.000 0.000 0.000 0.000 0.000 
0.000 0.000 0.000 0.000 0.000 0.000 0.000 0.000 0.000 0.000 0.000 0.000 0.000 0.000 2579.000 0.000 0.000 0.000 0.000 0.000 0.000 0.000 0.000 0.000 140.000 0.000 0.000 0.000 0.000 0.000 
0.000 0.000 0.000 121.000 0.000 0.000 0.000 0.000 0.000 0.000 0.000 0.000 0.000 0.000 0.000 0.000 121.000 0.000 0.000 0.000 131.000 3122.000 0.000 0.000 0.000 0.000 0.000 0.000 0.000 0.000 
0.000 0.000 0.000 0.000 0.000 0.000 0.000 0.000 0.000 176.000 0.000 4227.000 0.000 173.000 0.000 0.000 0.000 0.000 0.000 0.000 0.000 0.000 0.000 0.000 0.000 0.000 0.000 0.000 0.000 0.000 
0.000 0.000 0.000 0.000 162.000 0.000 0.000 0.000 0.000 0.000 0.000 0.000 0.000 0.000 0.000 0.000 0.000 0.000 2467.000 101.000 0.000 0.000 0.000 0.000 156.000 0.000 0.000 0.000 101.000 0.000 
0.000 0.000 0.000 0.000 0.000 0.000 0.000 176.000 0.000 0.000 0.000 0.000 0.000 0.000 0.000 0.000 0.000 0.000 0.000 0.000 0.000 0.000 176.000 0.000 0.000 0.000 3933.000 0.000 0.000 0.000 
0.000 0.000 0.000 0.000 0.000 0.000 0.000 0.000 0.000 0.000 0.000 0.000 114.000 0.000 0.000 3558.000 0.000 0.000 0.000 146.000 114.000 0.000 0.000 0.000 0.000 0.000 0.000 0.000 128.000 0.000 
0.000 0.000 128.000 0.000 0.000 0.000 0.000 4227.000 0.000 0.000 0.000 0.000 0.000 0.000 0.000 0.000 0.000 0.000 0.000 0.000 0.000 0.000 0.000 0.000 0.000 0.000 175.000 0.000 0.000 0.000 
0.000 0.000 0.000 0.000 0.000 0.000 0.000 0.000 0.000 0.000 114.000 0.000 0.000 0.000 0.000 171.000 0.000 0.000 0.000 0.000 3870.000 142.000 0.000 0.000 0.000 0.000 0.000 0.000 0.000 0.000 
0.000 0.000 3426.000 0.000 0.000 0.000 0.000 173.000 0.000 0.000 0.000 0.000 0.000 0.000 0.000 0.000 0.000 0.000 0.000 0.000 0.000 0.000 0.000 0.000 0.000 0.000 0.000 0.000 0.000 0.000 
0.000 0.000 0.000 0.000 110.000 2579.000 0.000 0.000 0.000 0.000 0.000 0.000 0.000 0.000 0.000 0.000 0.000 0.000 0.000 0.000 0.000 0.000 0.000 0.000 0.000 0.000 0.000 0.000 0.000 0.000 
0.000 0.000 0.000 0.000 0.000 0.000 0.000 0.000 0.000 0.000 3558.000 0.000 171.000 0.000 0.000 0.000 0.000 0.000 0.000 146.000 171.000 0.000 0.000 0.000 0.000 0.000 0.000 0.000 128.000 0.000 
0.000 0.000 0.000 3784.000 0.000 0.000 121.000 0.000 0.000 0.000 0.000 0.000 0.000 0.000 0.000 0.000 0.000 0.000 0.000 0.000 0.000 146.000 0.000 0.000 0.000 0.000 0.000 179.000 0.000 0.000 
0.000 0.000 0.000 167.000 0.000 0.000 0.000 0.000 0.000 0.000 0.000 0.000 0.000 0.000 0.000 0.000 0.000 0.000 0.000 0.000 0.000 0.000 0.000 0.000 0.000 0.000 0.000 2087.000 0.000 121.000 
0.000 0.000 0.000 0.000 162.000 0.000 0.000 0.000 2467.000 0.000 0.000 0.000 0.000 0.000 0.000 0.000 0.000 0.000 0.000 147.000 0.000 0.000 0.000 0.000 156.000 0.000 0.000 0.000 147.000 0.000 
0.000 0.000 0.000 0.000 0.000 0.000 0.000 0.000 101.000 0.000 146.000 0.000 0.000 0.000 0.000 146.000 0.000 0.000 147.000 0.000 0.000 0.000 0.000 0.000 0.000 0.000 0.000 0.000 2145.000 0.000 
0.000 0.000 0.000 0.000 0.000 0.000 131.000 0.000 0.000 0.000 114.000 0.000 3870.000 0.000 0.000 171.000 0.000 0.000 0.000 0.000 0.000 0.000 0.000 0.000 0.000 0.000 0.000 0.000 0.000 0.000 
0.000 0.000 0.000 146.000 0.000 0.000 3122.000 0.000 0.000 0.000 0.000 0.000 142.000 0.000 0.000 0.000 146.000 0.000 0.000 0.000 0.000 0.000 0.000 0.000 0.000 0.000 0.000 0.000 0.000 0.000 
4862.000 0.000 0.000 0.000 0.000 0.000 0.000 0.000 0.000 176.000 0.000 0.000 0.000 0.000 0.000 0.000 0.000 0.000 0.000 0.000 0.000 0.000 0.000 0.000 0.000 150.000 0.000 0.000 0.000 0.000 
0.000 0.000 0.000 0.000 0.000 0.000 0.000 0.000 0.000 0.000 0.000 0.000 0.000 0.000 0.000 0.000 0.000 0.000 0.000 0.000 0.000 0.000 0.000 0.000 0.000 178.000 0.000 112.000 0.000 3174.000 
0.000 0.000 0.000 0.000 4017.000 140.000 0.000 0.000 156.000 0.000 0.000 0.000 0.000 0.000 0.000 0.000 0.000 0.000 156.000 0.000 0.000 0.000 0.000 0.000 0.000 0.000 0.000 0.000 0.000 0.000 
0.000 4835.000 0.000 0.000 0.000 0.000 0.000 0.000 0.000 0.000 0.000 0.000 0.000 0.000 0.000 0.000 0.000 0.000 0.000 0.000 0.000 0.000 150.000 178.000 0.000 0.000 0.000 0.000 0.000 0.000 
129.000 0.000 0.000 0.000 0.000 0.000 0.000 0.000 0.000 3933.000 0.000 175.000 0.000 0.000 0.000 0.000 0.000 0.000 0.000 0.000 0.000 0.000 0.000 0.000 0.000 0.000 0.000 0.000 0.000 0.000 
0.000 0.000 0.000 0.000 0.000 0.000 0.000 0.000 0.000 0.000 0.000 0.000 0.000 0.000 0.000 0.000 179.000 2087.000 0.000 0.000 0.000 0.000 0.000 112.000 0.000 0.000 0.000 0.000 0.000 0.000 
0.000 0.000 0.000 0.000 0.000 0.000 0.000 0.000 101.000 0.000 128.000 0.000 0.000 0.000 0.000 128.000 0.000 0.000 147.000 2145.000 0.000 0.000 0.000 0.000 0.000 0.000 0.000 0.000 0.000 0.000 
0.000 111.000 0.000 0.000 0.000 0.000 0.000 0.000 0.000 0.000 0.000 0.000 0.000 0.000 0.000 0.000 0.000 121.000 0.000 0.000 0.000 0.000 0.000 3174.000 0.000 0.000 0.000 0.000 0.000 0.000 
