8 2
10.000
156.000 162.000 124.000 164.000 115.000 139.000 116.000 149.000 
0.000 26.000 54.000 74.000 54.000 61.000 52.000 53.000 
26.000 0.000 60.000 54.000 53.000 67.000 78.000 29.000 
54.000 60.000 0.000 75.000 71.000 66.000 97.000 80.500 
74.000 54.000 75.000 0.000 63.000 53.000 77.000 60.500 
54.000 53.000 71.000 63.000 0.000 58.000 69.000 53.000 
61.000 67.000 66.000 53.000 58.000 0.000 80.000 52.000 
52.000 78.000 97.000 77.000 69.000 80.000 0.000 68.000 
53.000 29.000 80.500 60.500 53.000 52.000 68.000 0.000 
0.000 154.000 0.000 0.000 0.000 4899.000 0.000 0.000 
154.000 0.000 0.000 0.000 3889.000 0.000 0.000 116.000 
0.000 0.000 0.000 3118.000 0.000 0.000 151.000 151.000 
0.000 0.000 3118.000 0.000 0.000 0.000 148.000 148.000 
0.000 3889.000 0.000 0.000 0.000 179.000 122.000 0.000 
4899.000 0.000 0.000 0.000 179.000 0.000 0.000 0.000 
0.000 0.000 151.000 148.000 122.000 0.000 0.000 4457.000 
0.000 116.000 151.000 148.000 0.000 0.000 4457.000 0.000 
