optimal: 649232.5000
sequence:
10 6 4 0 3 8 
9 5 1 2 7 11 
X:
676.5000 489.5000 676.5000 866.5000 489.5000 251.5000 251.5000 866.5000 1116.5000 65.0000 65.0000 1116.5000 
indexR:
0 1 1 0 0 1 0 1 0 1 0 1 

Offset:
2.5000
layout:
11 7 5 1 4 9 0 10 6 2 3 8 12 
Test:
11, 7, 5, 1, 4, 9, 0, 10, 6, 2, 3, 8, 12, 2.5000


optimal: 649232.5000
sequence:
10 6 1 2 7 11 
9 5 4 0 3 8 
X:
676.5000 489.5000 676.5000 866.5000 489.5000 251.5000 251.5000 866.5000 1116.5000 65.0000 65.0000 1116.5000 
indexR:
1 0 0 1 1 1 0 0 1 1 0 0 

Offset:
2.5000
layout:
11 7 2 3 8 12 0 10 6 5 1 4 9 
Test:
11, 7, 2, 3, 8, 12, 0, 10, 6, 5, 1, 4, 9, 2.5000


optimal: 649232.5000
sequence:
10 6 4 0 3 11 
9 5 1 2 7 8 
X:
676.5000 489.5000 676.5000 866.5000 489.5000 251.5000 251.5000 866.5000 1116.5000 65.0000 65.0000 1116.5000 
indexR:
0 1 1 0 0 1 0 1 1 1 0 0 

Offset:
2.5000
layout:
11 7 5 1 4 12 0 10 6 2 3 8 9 
Test:
11, 7, 5, 1, 4, 12, 0, 10, 6, 2, 3, 8, 9, 2.5000


optimal: 649232.5000
sequence:
10 6 1 2 7 8 
9 5 4 0 3 11 
X:
676.5000 489.5000 676.5000 866.5000 489.5000 251.5000 251.5000 866.5000 1116.5000 65.0000 65.0000 1116.5000 
indexR:
1 0 0 1 1 1 0 0 0 1 0 1 

Offset:
2.5000
layout:
11 7 2 3 8 9 0 10 6 5 1 4 12 
Test:
11, 7, 2, 3, 8, 9, 0, 10, 6, 5, 1, 4, 12, 2.5000


