optimal: 483479.5000
sequence:
7 8 3 9 0 
1 2 5 6 4 
X:
839.5000 73.0000 251.5000 422.0000 839.5000 422.0000 640.5000 73.0000 251.5000 640.5000 
indexR:
0 1 1 0 1 1 1 0 0 0 

Offset:
10.5000
layout:
8 9 4 10 1 0 2 3 6 7 5 
Test:
8, 9, 4, 10, 1, 0, 2, 3, 6, 7, 5, 10.5000


optimal: 483479.5000
sequence:
7 8 3 6 4 
1 2 5 9 0 
X:
839.5000 73.0000 251.5000 422.0000 839.5000 422.0000 640.5000 73.0000 251.5000 640.5000 
indexR:
1 1 1 0 0 1 0 0 0 1 

Offset:
10.5000
layout:
8 9 4 7 5 0 2 3 6 10 1 
Test:
8, 9, 4, 7, 5, 0, 2, 3, 6, 10, 1, 10.5000


