optimal: 745628.5000
sequence:
11 7 10 3 2 1 5 14 
4 13 15 6 9 12 0 8 
X:
1223.5000 1014.5000 828.0000 644.5000 65.5000 1223.5000 644.5000 221.5000 1461.5000 828.0000 444.5000 65.5000 1014.5000 221.5000 1461.5000 444.5000 
indexR:
1 0 0 0 1 0 1 0 1 1 0 0 1 1 0 1 

Offset:
14.5000
layout:
12 8 11 4 3 2 6 15 0 5 14 16 7 10 13 1 9 
Test:
12, 8, 11, 4, 3, 2, 6, 15, 0, 5, 14, 16, 7, 10, 13, 1, 9, 14.5000


optimal: 745628.5000
sequence:
11 7 15 6 9 12 0 8 
4 13 10 3 2 1 5 14 
X:
1223.5000 1014.5000 828.0000 644.5000 65.5000 1223.5000 644.5000 221.5000 1461.5000 828.0000 444.5000 65.5000 1014.5000 221.5000 1461.5000 444.5000 
indexR:
0 1 1 1 1 1 0 0 0 0 1 0 0 1 1 0 

Offset:
14.5000
layout:
12 8 16 7 10 13 1 9 0 5 14 11 4 3 2 6 15 
Test:
12, 8, 16, 7, 10, 13, 1, 9, 0, 5, 14, 11, 4, 3, 2, 6, 15, 14.5000


optimal: 745628.5000
sequence:
11 7 10 3 2 1 5 8 
4 13 15 6 9 12 0 14 
X:
1223.5000 1014.5000 828.0000 644.5000 65.5000 1223.5000 644.5000 221.5000 1461.5000 828.0000 444.5000 65.5000 1014.5000 221.5000 1461.5000 444.5000 
indexR:
1 0 0 0 1 0 1 0 0 1 0 0 1 1 1 1 

Offset:
14.5000
layout:
12 8 11 4 3 2 6 9 0 5 14 16 7 10 13 1 15 
Test:
12, 8, 11, 4, 3, 2, 6, 9, 0, 5, 14, 16, 7, 10, 13, 1, 15, 14.5000


optimal: 745628.5000
sequence:
11 7 15 6 9 12 0 14 
4 13 10 3 2 1 5 8 
X:
1223.5000 1014.5000 828.0000 644.5000 65.5000 1223.5000 644.5000 221.5000 1461.5000 828.0000 444.5000 65.5000 1014.5000 221.5000 1461.5000 444.5000 
indexR:
0 1 1 1 1 1 0 0 1 0 1 0 0 1 0 0 

Offset:
14.5000
layout:
12 8 16 7 10 13 1 15 0 5 14 11 4 3 2 6 9 
Test:
12, 8, 16, 7, 10, 13, 1, 15, 0, 5, 14, 11, 4, 3, 2, 6, 9, 14.5000


