optimal: 1591751.0000
sequence:
14 4 8 28 15 12 21 16 27 23 25 22 9 7 13 
5 24 18 19 10 20 6 3 17 29 1 0 26 11 2 
X:
2178.5000 1975.0000 2708.0000 1449.0000 198.0000 60.5000 1225.5000 2519.0000 383.5000 2349.5000 832.5000 2519.0000 1043.5000 2708.0000 60.5000 832.5000 1449.0000 1624.5000 383.5000 598.0000 1043.5000 1225.5000 2178.5000 1788.0000 198.0000 1975.0000 2349.5000 1624.5000 598.0000 1788.0000 
indexR:
1 1 1 1 0 1 1 0 0 0 1 1 0 0 0 0 0 1 1 1 1 0 0 0 1 0 1 0 0 1 

Offset:
1.5000
layout:
15 5 9 29 16 13 22 17 28 24 26 23 10 8 14 0 6 25 19 20 11 21 7 4 18 30 2 1 27 12 3 
Test:
15, 5, 9, 29, 16, 13, 22, 17, 28, 24, 26, 23, 10, 8, 14, 0, 6, 25, 19, 20, 11, 21, 7, 4, 18, 30, 2, 1, 27, 12, 3, 1.5000


optimal: 1591751.0000
sequence:
14 4 8 28 15 12 21 3 17 29 1 0 26 11 2 
5 24 18 19 10 20 6 16 27 23 25 22 9 7 13 
X:
2178.5000 1975.0000 2708.0000 1449.0000 198.0000 60.5000 1225.5000 2519.0000 383.5000 2349.5000 832.5000 2519.0000 1043.5000 2708.0000 60.5000 832.5000 1449.0000 1624.5000 383.5000 598.0000 1043.5000 1225.5000 2178.5000 1788.0000 198.0000 1975.0000 2349.5000 1624.5000 598.0000 1788.0000 
indexR:
0 0 0 0 0 1 1 1 0 1 1 0 0 1 0 0 1 0 1 1 1 0 1 1 1 1 0 1 0 0 

Offset:
1.5000
layout:
15 5 9 29 16 13 22 4 18 30 2 1 27 12 3 0 6 25 19 20 11 21 7 17 28 24 26 23 10 8 14 
Test:
15, 5, 9, 29, 16, 13, 22, 4, 18, 30, 2, 1, 27, 12, 3, 0, 6, 25, 19, 20, 11, 21, 7, 17, 28, 24, 26, 23, 10, 8, 14, 1.5000


optimal: 1591751.0000
sequence:
14 4 8 28 10 20 6 3 17 29 1 0 26 11 2 
5 24 18 19 15 12 21 16 27 23 25 22 9 7 13 
X:
2178.5000 1975.0000 2708.0000 1449.0000 198.0000 60.5000 1225.5000 2519.0000 383.5000 2349.5000 832.5000 2519.0000 1043.5000 2708.0000 60.5000 832.5000 1449.0000 1624.5000 383.5000 598.0000 1043.5000 1225.5000 2178.5000 1788.0000 198.0000 1975.0000 2349.5000 1624.5000 598.0000 1788.0000 
indexR:
0 0 0 0 0 1 0 1 0 1 0 0 1 1 0 1 1 0 1 1 0 1 1 1 1 1 0 1 0 0 

Offset:
1.5000
layout:
15 5 9 29 11 21 7 4 18 30 2 1 27 12 3 0 6 25 19 20 16 13 22 17 28 24 26 23 10 8 14 
Test:
15, 5, 9, 29, 11, 21, 7, 4, 18, 30, 2, 1, 27, 12, 3, 0, 6, 25, 19, 20, 16, 13, 22, 17, 28, 24, 26, 23, 10, 8, 14, 1.5000


optimal: 1591751.0000
sequence:
14 4 8 28 10 20 6 16 27 23 25 22 9 7 13 
5 24 18 19 15 12 21 3 17 29 1 0 26 11 2 
X:
2178.5000 1975.0000 2708.0000 1449.0000 198.0000 60.5000 1225.5000 2519.0000 383.5000 2349.5000 832.5000 2519.0000 1043.5000 2708.0000 60.5000 832.5000 1449.0000 1624.5000 383.5000 598.0000 1043.5000 1225.5000 2178.5000 1788.0000 198.0000 1975.0000 2349.5000 1624.5000 598.0000 1788.0000 
indexR:
1 1 1 1 0 1 0 0 0 0 0 1 1 0 0 1 0 1 1 1 0 1 0 0 1 0 1 0 0 1 

Offset:
1.5000
layout:
15 5 9 29 11 21 7 17 28 24 26 23 10 8 14 0 6 25 19 20 16 13 22 4 18 30 2 1 27 12 3 
Test:
15, 5, 9, 29, 11, 21, 7, 17, 28, 24, 26, 23, 10, 8, 14, 0, 6, 25, 19, 20, 16, 13, 22, 4, 18, 30, 2, 1, 27, 12, 3, 1.5000


optimal: 1591751.0000
sequence:
14 4 8 19 10 20 6 3 17 29 1 0 26 11 2 
5 24 18 28 15 12 21 16 27 23 25 22 9 7 13 
X:
2178.5000 1975.0000 2708.0000 1449.0000 198.0000 60.5000 1225.5000 2519.0000 383.5000 2349.5000 832.5000 2519.0000 1043.5000 2708.0000 60.5000 832.5000 1449.0000 1624.5000 383.5000 598.0000 1043.5000 1225.5000 2178.5000 1788.0000 198.0000 1975.0000 2349.5000 1624.5000 598.0000 1788.0000 
indexR:
0 0 0 0 0 1 0 1 0 1 0 0 1 1 0 1 1 0 1 0 0 1 1 1 1 1 0 1 1 0 

Offset:
1.5000
layout:
15 5 9 20 11 21 7 4 18 30 2 1 27 12 3 0 6 25 19 29 16 13 22 17 28 24 26 23 10 8 14 
Test:
15, 5, 9, 20, 11, 21, 7, 4, 18, 30, 2, 1, 27, 12, 3, 0, 6, 25, 19, 29, 16, 13, 22, 17, 28, 24, 26, 23, 10, 8, 14, 1.5000


optimal: 1591751.0000
sequence:
14 4 8 19 10 20 6 16 27 23 25 22 9 7 13 
5 24 18 28 15 12 21 3 17 29 1 0 26 11 2 
X:
2178.5000 1975.0000 2708.0000 1449.0000 198.0000 60.5000 1225.5000 2519.0000 383.5000 2349.5000 832.5000 2519.0000 1043.5000 2708.0000 60.5000 832.5000 1449.0000 1624.5000 383.5000 598.0000 1043.5000 1225.5000 2178.5000 1788.0000 198.0000 1975.0000 2349.5000 1624.5000 598.0000 1788.0000 
indexR:
1 1 1 1 0 1 0 0 0 0 0 1 1 0 0 1 0 1 1 0 0 1 0 0 1 0 1 0 1 1 

Offset:
1.5000
layout:
15 5 9 20 11 21 7 17 28 24 26 23 10 8 14 0 6 25 19 29 16 13 22 4 18 30 2 1 27 12 3 
Test:
15, 5, 9, 20, 11, 21, 7, 17, 28, 24, 26, 23, 10, 8, 14, 0, 6, 25, 19, 29, 16, 13, 22, 4, 18, 30, 2, 1, 27, 12, 3, 1.5000


optimal: 1591751.0000
sequence:
14 4 8 19 15 12 21 16 27 23 25 22 9 7 13 
5 24 18 28 10 20 6 3 17 29 1 0 26 11 2 
X:
2178.5000 1975.0000 2708.0000 1449.0000 198.0000 60.5000 1225.5000 2519.0000 383.5000 2349.5000 832.5000 2519.0000 1043.5000 2708.0000 60.5000 832.5000 1449.0000 1624.5000 383.5000 598.0000 1043.5000 1225.5000 2178.5000 1788.0000 198.0000 1975.0000 2349.5000 1624.5000 598.0000 1788.0000 
indexR:
1 1 1 1 0 1 1 0 0 0 1 1 0 0 0 0 0 1 1 0 1 0 0 0 1 0 1 0 1 1 

Offset:
1.5000
layout:
15 5 9 20 16 13 22 17 28 24 26 23 10 8 14 0 6 25 19 29 11 21 7 4 18 30 2 1 27 12 3 
Test:
15, 5, 9, 20, 16, 13, 22, 17, 28, 24, 26, 23, 10, 8, 14, 0, 6, 25, 19, 29, 11, 21, 7, 4, 18, 30, 2, 1, 27, 12, 3, 1.5000


optimal: 1591751.0000
sequence:
14 4 8 19 15 12 21 3 17 29 1 0 26 11 2 
5 24 18 28 10 20 6 16 27 23 25 22 9 7 13 
X:
2178.5000 1975.0000 2708.0000 1449.0000 198.0000 60.5000 1225.5000 2519.0000 383.5000 2349.5000 832.5000 2519.0000 1043.5000 2708.0000 60.5000 832.5000 1449.0000 1624.5000 383.5000 598.0000 1043.5000 1225.5000 2178.5000 1788.0000 198.0000 1975.0000 2349.5000 1624.5000 598.0000 1788.0000 
indexR:
0 0 0 0 0 1 1 1 0 1 1 0 0 1 0 0 1 0 1 0 1 0 1 1 1 1 0 1 1 0 

Offset:
1.5000
layout:
15 5 9 20 16 13 22 4 18 30 2 1 27 12 3 0 6 25 19 29 11 21 7 17 28 24 26 23 10 8 14 
Test:
15, 5, 9, 20, 16, 13, 22, 4, 18, 30, 2, 1, 27, 12, 3, 0, 6, 25, 19, 29, 11, 21, 7, 17, 28, 24, 26, 23, 10, 8, 14, 1.5000


optimal: 1591751.0000
sequence:
14 4 8 28 15 20 6 3 17 29 1 0 26 11 2 
5 24 18 19 10 12 21 16 27 23 25 22 9 7 13 
X:
2178.5000 1975.0000 2708.0000 1449.0000 198.0000 60.5000 1225.5000 2519.0000 383.5000 2349.5000 832.5000 2519.0000 1043.5000 2708.0000 60.5000 832.5000 1449.0000 1624.5000 383.5000 598.0000 1043.5000 1225.5000 2178.5000 1788.0000 198.0000 1975.0000 2349.5000 1624.5000 598.0000 1788.0000 
indexR:
0 0 0 0 0 1 0 1 0 1 1 0 1 1 0 0 1 0 1 1 0 1 1 1 1 1 0 1 0 0 

Offset:
1.5000
layout:
15 5 9 29 16 21 7 4 18 30 2 1 27 12 3 0 6 25 19 20 11 13 22 17 28 24 26 23 10 8 14 
Test:
15, 5, 9, 29, 16, 21, 7, 4, 18, 30, 2, 1, 27, 12, 3, 0, 6, 25, 19, 20, 11, 13, 22, 17, 28, 24, 26, 23, 10, 8, 14, 1.5000


optimal: 1591751.0000
sequence:
14 4 8 28 15 20 6 16 27 23 25 22 9 7 13 
5 24 18 19 10 12 21 3 17 29 1 0 26 11 2 
X:
2178.5000 1975.0000 2708.0000 1449.0000 198.0000 60.5000 1225.5000 2519.0000 383.5000 2349.5000 832.5000 2519.0000 1043.5000 2708.0000 60.5000 832.5000 1449.0000 1624.5000 383.5000 598.0000 1043.5000 1225.5000 2178.5000 1788.0000 198.0000 1975.0000 2349.5000 1624.5000 598.0000 1788.0000 
indexR:
1 1 1 1 0 1 0 0 0 0 1 1 1 0 0 0 0 1 1 1 0 1 0 0 1 0 1 0 0 1 

Offset:
1.5000
layout:
15 5 9 29 16 21 7 17 28 24 26 23 10 8 14 0 6 25 19 20 11 13 22 4 18 30 2 1 27 12 3 
Test:
15, 5, 9, 29, 16, 21, 7, 17, 28, 24, 26, 23, 10, 8, 14, 0, 6, 25, 19, 20, 11, 13, 22, 4, 18, 30, 2, 1, 27, 12, 3, 1.5000


optimal: 1591751.0000
sequence:
14 4 8 28 10 12 21 16 27 23 25 22 9 7 13 
5 24 18 19 15 20 6 3 17 29 1 0 26 11 2 
X:
2178.5000 1975.0000 2708.0000 1449.0000 198.0000 60.5000 1225.5000 2519.0000 383.5000 2349.5000 832.5000 2519.0000 1043.5000 2708.0000 60.5000 832.5000 1449.0000 1624.5000 383.5000 598.0000 1043.5000 1225.5000 2178.5000 1788.0000 198.0000 1975.0000 2349.5000 1624.5000 598.0000 1788.0000 
indexR:
1 1 1 1 0 1 1 0 0 0 0 1 0 0 0 1 0 1 1 1 1 0 0 0 1 0 1 0 0 1 

Offset:
1.5000
layout:
15 5 9 29 11 13 22 17 28 24 26 23 10 8 14 0 6 25 19 20 16 21 7 4 18 30 2 1 27 12 3 
Test:
15, 5, 9, 29, 11, 13, 22, 17, 28, 24, 26, 23, 10, 8, 14, 0, 6, 25, 19, 20, 16, 21, 7, 4, 18, 30, 2, 1, 27, 12, 3, 1.5000


optimal: 1591751.0000
sequence:
14 4 8 28 10 12 21 3 17 29 1 0 26 11 2 
5 24 18 19 15 20 6 16 27 23 25 22 9 7 13 
X:
2178.5000 1975.0000 2708.0000 1449.0000 198.0000 60.5000 1225.5000 2519.0000 383.5000 2349.5000 832.5000 2519.0000 1043.5000 2708.0000 60.5000 832.5000 1449.0000 1624.5000 383.5000 598.0000 1043.5000 1225.5000 2178.5000 1788.0000 198.0000 1975.0000 2349.5000 1624.5000 598.0000 1788.0000 
indexR:
0 0 0 0 0 1 1 1 0 1 0 0 0 1 0 1 1 0 1 1 1 0 1 1 1 1 0 1 0 0 

Offset:
1.5000
layout:
15 5 9 29 11 13 22 4 18 30 2 1 27 12 3 0 6 25 19 20 16 21 7 17 28 24 26 23 10 8 14 
Test:
15, 5, 9, 29, 11, 13, 22, 4, 18, 30, 2, 1, 27, 12, 3, 0, 6, 25, 19, 20, 16, 21, 7, 17, 28, 24, 26, 23, 10, 8, 14, 1.5000


optimal: 1591751.0000
sequence:
14 4 8 19 10 12 21 16 27 23 25 22 9 7 13 
5 24 18 28 15 20 6 3 17 29 1 0 26 11 2 
X:
2178.5000 1975.0000 2708.0000 1449.0000 198.0000 60.5000 1225.5000 2519.0000 383.5000 2349.5000 832.5000 2519.0000 1043.5000 2708.0000 60.5000 832.5000 1449.0000 1624.5000 383.5000 598.0000 1043.5000 1225.5000 2178.5000 1788.0000 198.0000 1975.0000 2349.5000 1624.5000 598.0000 1788.0000 
indexR:
1 1 1 1 0 1 1 0 0 0 0 1 0 0 0 1 0 1 1 0 1 0 0 0 1 0 1 0 1 1 

Offset:
1.5000
layout:
15 5 9 20 11 13 22 17 28 24 26 23 10 8 14 0 6 25 19 29 16 21 7 4 18 30 2 1 27 12 3 
Test:
15, 5, 9, 20, 11, 13, 22, 17, 28, 24, 26, 23, 10, 8, 14, 0, 6, 25, 19, 29, 16, 21, 7, 4, 18, 30, 2, 1, 27, 12, 3, 1.5000


optimal: 1591751.0000
sequence:
14 4 8 19 10 12 21 3 17 29 1 0 26 11 2 
5 24 18 28 15 20 6 16 27 23 25 22 9 7 13 
X:
2178.5000 1975.0000 2708.0000 1449.0000 198.0000 60.5000 1225.5000 2519.0000 383.5000 2349.5000 832.5000 2519.0000 1043.5000 2708.0000 60.5000 832.5000 1449.0000 1624.5000 383.5000 598.0000 1043.5000 1225.5000 2178.5000 1788.0000 198.0000 1975.0000 2349.5000 1624.5000 598.0000 1788.0000 
indexR:
0 0 0 0 0 1 1 1 0 1 0 0 0 1 0 1 1 0 1 0 1 0 1 1 1 1 0 1 1 0 

Offset:
1.5000
layout:
15 5 9 20 11 13 22 4 18 30 2 1 27 12 3 0 6 25 19 29 16 21 7 17 28 24 26 23 10 8 14 
Test:
15, 5, 9, 20, 11, 13, 22, 4, 18, 30, 2, 1, 27, 12, 3, 0, 6, 25, 19, 29, 16, 21, 7, 17, 28, 24, 26, 23, 10, 8, 14, 1.5000


optimal: 1591751.0000
sequence:
14 4 8 19 15 20 6 3 17 29 1 0 26 11 2 
5 24 18 28 10 12 21 16 27 23 25 22 9 7 13 
X:
2178.5000 1975.0000 2708.0000 1449.0000 198.0000 60.5000 1225.5000 2519.0000 383.5000 2349.5000 832.5000 2519.0000 1043.5000 2708.0000 60.5000 832.5000 1449.0000 1624.5000 383.5000 598.0000 1043.5000 1225.5000 2178.5000 1788.0000 198.0000 1975.0000 2349.5000 1624.5000 598.0000 1788.0000 
indexR:
0 0 0 0 0 1 0 1 0 1 1 0 1 1 0 0 1 0 1 0 0 1 1 1 1 1 0 1 1 0 

Offset:
1.5000
layout:
15 5 9 20 16 21 7 4 18 30 2 1 27 12 3 0 6 25 19 29 11 13 22 17 28 24 26 23 10 8 14 
Test:
15, 5, 9, 20, 16, 21, 7, 4, 18, 30, 2, 1, 27, 12, 3, 0, 6, 25, 19, 29, 11, 13, 22, 17, 28, 24, 26, 23, 10, 8, 14, 1.5000


optimal: 1591751.0000
sequence:
14 4 8 19 15 20 6 16 27 23 25 22 9 7 13 
5 24 18 28 10 12 21 3 17 29 1 0 26 11 2 
X:
2178.5000 1975.0000 2708.0000 1449.0000 198.0000 60.5000 1225.5000 2519.0000 383.5000 2349.5000 832.5000 2519.0000 1043.5000 2708.0000 60.5000 832.5000 1449.0000 1624.5000 383.5000 598.0000 1043.5000 1225.5000 2178.5000 1788.0000 198.0000 1975.0000 2349.5000 1624.5000 598.0000 1788.0000 
indexR:
1 1 1 1 0 1 0 0 0 0 1 1 1 0 0 0 0 1 1 0 0 1 0 0 1 0 1 0 1 1 

Offset:
1.5000
layout:
15 5 9 20 16 21 7 17 28 24 26 23 10 8 14 0 6 25 19 29 11 13 22 4 18 30 2 1 27 12 3 
Test:
15, 5, 9, 20, 16, 21, 7, 17, 28, 24, 26, 23, 10, 8, 14, 0, 6, 25, 19, 29, 11, 13, 22, 4, 18, 30, 2, 1, 27, 12, 3, 1.5000


optimal: 1591751.0000
sequence:
14 4 18 19 10 20 6 3 17 29 1 0 26 11 2 
5 24 8 28 15 12 21 16 27 23 25 22 9 7 13 
X:
2178.5000 1975.0000 2708.0000 1449.0000 198.0000 60.5000 1225.5000 2519.0000 383.5000 2349.5000 832.5000 2519.0000 1043.5000 2708.0000 60.5000 832.5000 1449.0000 1624.5000 383.5000 598.0000 1043.5000 1225.5000 2178.5000 1788.0000 198.0000 1975.0000 2349.5000 1624.5000 598.0000 1788.0000 
indexR:
0 0 0 0 0 1 0 1 1 1 0 0 1 1 0 1 1 0 0 0 0 1 1 1 1 1 0 1 1 0 

Offset:
1.5000
layout:
15 5 19 20 11 21 7 4 18 30 2 1 27 12 3 0 6 25 9 29 16 13 22 17 28 24 26 23 10 8 14 
Test:
15, 5, 19, 20, 11, 21, 7, 4, 18, 30, 2, 1, 27, 12, 3, 0, 6, 25, 9, 29, 16, 13, 22, 17, 28, 24, 26, 23, 10, 8, 14, 1.5000


optimal: 1591751.0000
sequence:
14 4 18 19 10 20 6 16 27 23 25 22 9 7 13 
5 24 8 28 15 12 21 3 17 29 1 0 26 11 2 
X:
2178.5000 1975.0000 2708.0000 1449.0000 198.0000 60.5000 1225.5000 2519.0000 383.5000 2349.5000 832.5000 2519.0000 1043.5000 2708.0000 60.5000 832.5000 1449.0000 1624.5000 383.5000 598.0000 1043.5000 1225.5000 2178.5000 1788.0000 198.0000 1975.0000 2349.5000 1624.5000 598.0000 1788.0000 
indexR:
1 1 1 1 0 1 0 0 1 0 0 1 1 0 0 1 0 1 0 0 0 1 0 0 1 0 1 0 1 1 

Offset:
1.5000
layout:
15 5 19 20 11 21 7 17 28 24 26 23 10 8 14 0 6 25 9 29 16 13 22 4 18 30 2 1 27 12 3 
Test:
15, 5, 19, 20, 11, 21, 7, 17, 28, 24, 26, 23, 10, 8, 14, 0, 6, 25, 9, 29, 16, 13, 22, 4, 18, 30, 2, 1, 27, 12, 3, 1.5000


optimal: 1591751.0000
sequence:
14 4 18 19 15 12 21 16 27 23 25 22 9 7 13 
5 24 8 28 10 20 6 3 17 29 1 0 26 11 2 
X:
2178.5000 1975.0000 2708.0000 1449.0000 198.0000 60.5000 1225.5000 2519.0000 383.5000 2349.5000 832.5000 2519.0000 1043.5000 2708.0000 60.5000 832.5000 1449.0000 1624.5000 383.5000 598.0000 1043.5000 1225.5000 2178.5000 1788.0000 198.0000 1975.0000 2349.5000 1624.5000 598.0000 1788.0000 
indexR:
1 1 1 1 0 1 1 0 1 0 1 1 0 0 0 0 0 1 0 0 1 0 0 0 1 0 1 0 1 1 

Offset:
1.5000
layout:
15 5 19 20 16 13 22 17 28 24 26 23 10 8 14 0 6 25 9 29 11 21 7 4 18 30 2 1 27 12 3 
Test:
15, 5, 19, 20, 16, 13, 22, 17, 28, 24, 26, 23, 10, 8, 14, 0, 6, 25, 9, 29, 11, 21, 7, 4, 18, 30, 2, 1, 27, 12, 3, 1.5000


optimal: 1591751.0000
sequence:
14 4 18 19 15 12 21 3 17 29 1 0 26 11 2 
5 24 8 28 10 20 6 16 27 23 25 22 9 7 13 
X:
2178.5000 1975.0000 2708.0000 1449.0000 198.0000 60.5000 1225.5000 2519.0000 383.5000 2349.5000 832.5000 2519.0000 1043.5000 2708.0000 60.5000 832.5000 1449.0000 1624.5000 383.5000 598.0000 1043.5000 1225.5000 2178.5000 1788.0000 198.0000 1975.0000 2349.5000 1624.5000 598.0000 1788.0000 
indexR:
0 0 0 0 0 1 1 1 1 1 1 0 0 1 0 0 1 0 0 0 1 0 1 1 1 1 0 1 1 0 

Offset:
1.5000
layout:
15 5 19 20 16 13 22 4 18 30 2 1 27 12 3 0 6 25 9 29 11 21 7 17 28 24 26 23 10 8 14 
Test:
15, 5, 19, 20, 16, 13, 22, 4, 18, 30, 2, 1, 27, 12, 3, 0, 6, 25, 9, 29, 11, 21, 7, 17, 28, 24, 26, 23, 10, 8, 14, 1.5000


optimal: 1591751.0000
sequence:
14 4 18 28 15 12 21 16 27 23 25 22 9 7 13 
5 24 8 19 10 20 6 3 17 29 1 0 26 11 2 
X:
2178.5000 1975.0000 2708.0000 1449.0000 198.0000 60.5000 1225.5000 2519.0000 383.5000 2349.5000 832.5000 2519.0000 1043.5000 2708.0000 60.5000 832.5000 1449.0000 1624.5000 383.5000 598.0000 1043.5000 1225.5000 2178.5000 1788.0000 198.0000 1975.0000 2349.5000 1624.5000 598.0000 1788.0000 
indexR:
1 1 1 1 0 1 1 0 1 0 1 1 0 0 0 0 0 1 0 1 1 0 0 0 1 0 1 0 0 1 

Offset:
1.5000
layout:
15 5 19 29 16 13 22 17 28 24 26 23 10 8 14 0 6 25 9 20 11 21 7 4 18 30 2 1 27 12 3 
Test:
15, 5, 19, 29, 16, 13, 22, 17, 28, 24, 26, 23, 10, 8, 14, 0, 6, 25, 9, 20, 11, 21, 7, 4, 18, 30, 2, 1, 27, 12, 3, 1.5000


optimal: 1591751.0000
sequence:
14 4 18 28 15 12 21 3 17 29 1 0 26 11 2 
5 24 8 19 10 20 6 16 27 23 25 22 9 7 13 
X:
2178.5000 1975.0000 2708.0000 1449.0000 198.0000 60.5000 1225.5000 2519.0000 383.5000 2349.5000 832.5000 2519.0000 1043.5000 2708.0000 60.5000 832.5000 1449.0000 1624.5000 383.5000 598.0000 1043.5000 1225.5000 2178.5000 1788.0000 198.0000 1975.0000 2349.5000 1624.5000 598.0000 1788.0000 
indexR:
0 0 0 0 0 1 1 1 1 1 1 0 0 1 0 0 1 0 0 1 1 0 1 1 1 1 0 1 0 0 

Offset:
1.5000
layout:
15 5 19 29 16 13 22 4 18 30 2 1 27 12 3 0 6 25 9 20 11 21 7 17 28 24 26 23 10 8 14 
Test:
15, 5, 19, 29, 16, 13, 22, 4, 18, 30, 2, 1, 27, 12, 3, 0, 6, 25, 9, 20, 11, 21, 7, 17, 28, 24, 26, 23, 10, 8, 14, 1.5000


optimal: 1591751.0000
sequence:
14 4 18 28 10 20 6 3 17 29 1 0 26 11 2 
5 24 8 19 15 12 21 16 27 23 25 22 9 7 13 
X:
2178.5000 1975.0000 2708.0000 1449.0000 198.0000 60.5000 1225.5000 2519.0000 383.5000 2349.5000 832.5000 2519.0000 1043.5000 2708.0000 60.5000 832.5000 1449.0000 1624.5000 383.5000 598.0000 1043.5000 1225.5000 2178.5000 1788.0000 198.0000 1975.0000 2349.5000 1624.5000 598.0000 1788.0000 
indexR:
0 0 0 0 0 1 0 1 1 1 0 0 1 1 0 1 1 0 0 1 0 1 1 1 1 1 0 1 0 0 

Offset:
1.5000
layout:
15 5 19 29 11 21 7 4 18 30 2 1 27 12 3 0 6 25 9 20 16 13 22 17 28 24 26 23 10 8 14 
Test:
15, 5, 19, 29, 11, 21, 7, 4, 18, 30, 2, 1, 27, 12, 3, 0, 6, 25, 9, 20, 16, 13, 22, 17, 28, 24, 26, 23, 10, 8, 14, 1.5000


optimal: 1591751.0000
sequence:
14 4 18 28 10 20 6 16 27 23 25 22 9 7 13 
5 24 8 19 15 12 21 3 17 29 1 0 26 11 2 
X:
2178.5000 1975.0000 2708.0000 1449.0000 198.0000 60.5000 1225.5000 2519.0000 383.5000 2349.5000 832.5000 2519.0000 1043.5000 2708.0000 60.5000 832.5000 1449.0000 1624.5000 383.5000 598.0000 1043.5000 1225.5000 2178.5000 1788.0000 198.0000 1975.0000 2349.5000 1624.5000 598.0000 1788.0000 
indexR:
1 1 1 1 0 1 0 0 1 0 0 1 1 0 0 1 0 1 0 1 0 1 0 0 1 0 1 0 0 1 

Offset:
1.5000
layout:
15 5 19 29 11 21 7 17 28 24 26 23 10 8 14 0 6 25 9 20 16 13 22 4 18 30 2 1 27 12 3 
Test:
15, 5, 19, 29, 11, 21, 7, 17, 28, 24, 26, 23, 10, 8, 14, 0, 6, 25, 9, 20, 16, 13, 22, 4, 18, 30, 2, 1, 27, 12, 3, 1.5000


optimal: 1591751.0000
sequence:
14 4 18 19 10 12 21 16 27 23 25 22 9 7 13 
5 24 8 28 15 20 6 3 17 29 1 0 26 11 2 
X:
2178.5000 1975.0000 2708.0000 1449.0000 198.0000 60.5000 1225.5000 2519.0000 383.5000 2349.5000 832.5000 2519.0000 1043.5000 2708.0000 60.5000 832.5000 1449.0000 1624.5000 383.5000 598.0000 1043.5000 1225.5000 2178.5000 1788.0000 198.0000 1975.0000 2349.5000 1624.5000 598.0000 1788.0000 
indexR:
1 1 1 1 0 1 1 0 1 0 0 1 0 0 0 1 0 1 0 0 1 0 0 0 1 0 1 0 1 1 

Offset:
1.5000
layout:
15 5 19 20 11 13 22 17 28 24 26 23 10 8 14 0 6 25 9 29 16 21 7 4 18 30 2 1 27 12 3 
Test:
15, 5, 19, 20, 11, 13, 22, 17, 28, 24, 26, 23, 10, 8, 14, 0, 6, 25, 9, 29, 16, 21, 7, 4, 18, 30, 2, 1, 27, 12, 3, 1.5000


optimal: 1591751.0000
sequence:
14 4 18 19 10 12 21 3 17 29 1 0 26 11 2 
5 24 8 28 15 20 6 16 27 23 25 22 9 7 13 
X:
2178.5000 1975.0000 2708.0000 1449.0000 198.0000 60.5000 1225.5000 2519.0000 383.5000 2349.5000 832.5000 2519.0000 1043.5000 2708.0000 60.5000 832.5000 1449.0000 1624.5000 383.5000 598.0000 1043.5000 1225.5000 2178.5000 1788.0000 198.0000 1975.0000 2349.5000 1624.5000 598.0000 1788.0000 
indexR:
0 0 0 0 0 1 1 1 1 1 0 0 0 1 0 1 1 0 0 0 1 0 1 1 1 1 0 1 1 0 

Offset:
1.5000
layout:
15 5 19 20 11 13 22 4 18 30 2 1 27 12 3 0 6 25 9 29 16 21 7 17 28 24 26 23 10 8 14 
Test:
15, 5, 19, 20, 11, 13, 22, 4, 18, 30, 2, 1, 27, 12, 3, 0, 6, 25, 9, 29, 16, 21, 7, 17, 28, 24, 26, 23, 10, 8, 14, 1.5000


optimal: 1591751.0000
sequence:
14 4 18 19 15 20 6 3 17 29 1 0 26 11 2 
5 24 8 28 10 12 21 16 27 23 25 22 9 7 13 
X:
2178.5000 1975.0000 2708.0000 1449.0000 198.0000 60.5000 1225.5000 2519.0000 383.5000 2349.5000 832.5000 2519.0000 1043.5000 2708.0000 60.5000 832.5000 1449.0000 1624.5000 383.5000 598.0000 1043.5000 1225.5000 2178.5000 1788.0000 198.0000 1975.0000 2349.5000 1624.5000 598.0000 1788.0000 
indexR:
0 0 0 0 0 1 0 1 1 1 1 0 1 1 0 0 1 0 0 0 0 1 1 1 1 1 0 1 1 0 

Offset:
1.5000
layout:
15 5 19 20 16 21 7 4 18 30 2 1 27 12 3 0 6 25 9 29 11 13 22 17 28 24 26 23 10 8 14 
Test:
15, 5, 19, 20, 16, 21, 7, 4, 18, 30, 2, 1, 27, 12, 3, 0, 6, 25, 9, 29, 11, 13, 22, 17, 28, 24, 26, 23, 10, 8, 14, 1.5000


optimal: 1591751.0000
sequence:
14 4 18 19 15 20 6 16 27 23 25 22 9 7 13 
5 24 8 28 10 12 21 3 17 29 1 0 26 11 2 
X:
2178.5000 1975.0000 2708.0000 1449.0000 198.0000 60.5000 1225.5000 2519.0000 383.5000 2349.5000 832.5000 2519.0000 1043.5000 2708.0000 60.5000 832.5000 1449.0000 1624.5000 383.5000 598.0000 1043.5000 1225.5000 2178.5000 1788.0000 198.0000 1975.0000 2349.5000 1624.5000 598.0000 1788.0000 
indexR:
1 1 1 1 0 1 0 0 1 0 1 1 1 0 0 0 0 1 0 0 0 1 0 0 1 0 1 0 1 1 

Offset:
1.5000
layout:
15 5 19 20 16 21 7 17 28 24 26 23 10 8 14 0 6 25 9 29 11 13 22 4 18 30 2 1 27 12 3 
Test:
15, 5, 19, 20, 16, 21, 7, 17, 28, 24, 26, 23, 10, 8, 14, 0, 6, 25, 9, 29, 11, 13, 22, 4, 18, 30, 2, 1, 27, 12, 3, 1.5000


optimal: 1591751.0000
sequence:
14 4 18 28 15 20 6 3 17 29 1 0 26 11 2 
5 24 8 19 10 12 21 16 27 23 25 22 9 7 13 
X:
2178.5000 1975.0000 2708.0000 1449.0000 198.0000 60.5000 1225.5000 2519.0000 383.5000 2349.5000 832.5000 2519.0000 1043.5000 2708.0000 60.5000 832.5000 1449.0000 1624.5000 383.5000 598.0000 1043.5000 1225.5000 2178.5000 1788.0000 198.0000 1975.0000 2349.5000 1624.5000 598.0000 1788.0000 
indexR:
0 0 0 0 0 1 0 1 1 1 1 0 1 1 0 0 1 0 0 1 0 1 1 1 1 1 0 1 0 0 

Offset:
1.5000
layout:
15 5 19 29 16 21 7 4 18 30 2 1 27 12 3 0 6 25 9 20 11 13 22 17 28 24 26 23 10 8 14 
Test:
15, 5, 19, 29, 16, 21, 7, 4, 18, 30, 2, 1, 27, 12, 3, 0, 6, 25, 9, 20, 11, 13, 22, 17, 28, 24, 26, 23, 10, 8, 14, 1.5000


optimal: 1591751.0000
sequence:
14 4 18 28 15 20 6 16 27 23 25 22 9 7 13 
5 24 8 19 10 12 21 3 17 29 1 0 26 11 2 
X:
2178.5000 1975.0000 2708.0000 1449.0000 198.0000 60.5000 1225.5000 2519.0000 383.5000 2349.5000 832.5000 2519.0000 1043.5000 2708.0000 60.5000 832.5000 1449.0000 1624.5000 383.5000 598.0000 1043.5000 1225.5000 2178.5000 1788.0000 198.0000 1975.0000 2349.5000 1624.5000 598.0000 1788.0000 
indexR:
1 1 1 1 0 1 0 0 1 0 1 1 1 0 0 0 0 1 0 1 0 1 0 0 1 0 1 0 0 1 

Offset:
1.5000
layout:
15 5 19 29 16 21 7 17 28 24 26 23 10 8 14 0 6 25 9 20 11 13 22 4 18 30 2 1 27 12 3 
Test:
15, 5, 19, 29, 16, 21, 7, 17, 28, 24, 26, 23, 10, 8, 14, 0, 6, 25, 9, 20, 11, 13, 22, 4, 18, 30, 2, 1, 27, 12, 3, 1.5000


optimal: 1591751.0000
sequence:
14 4 18 28 10 12 21 16 27 23 25 22 9 7 13 
5 24 8 19 15 20 6 3 17 29 1 0 26 11 2 
X:
2178.5000 1975.0000 2708.0000 1449.0000 198.0000 60.5000 1225.5000 2519.0000 383.5000 2349.5000 832.5000 2519.0000 1043.5000 2708.0000 60.5000 832.5000 1449.0000 1624.5000 383.5000 598.0000 1043.5000 1225.5000 2178.5000 1788.0000 198.0000 1975.0000 2349.5000 1624.5000 598.0000 1788.0000 
indexR:
1 1 1 1 0 1 1 0 1 0 0 1 0 0 0 1 0 1 0 1 1 0 0 0 1 0 1 0 0 1 

Offset:
1.5000
layout:
15 5 19 29 11 13 22 17 28 24 26 23 10 8 14 0 6 25 9 20 16 21 7 4 18 30 2 1 27 12 3 
Test:
15, 5, 19, 29, 11, 13, 22, 17, 28, 24, 26, 23, 10, 8, 14, 0, 6, 25, 9, 20, 16, 21, 7, 4, 18, 30, 2, 1, 27, 12, 3, 1.5000


optimal: 1591751.0000
sequence:
14 4 18 28 10 12 21 3 17 29 1 0 26 11 2 
5 24 8 19 15 20 6 16 27 23 25 22 9 7 13 
X:
2178.5000 1975.0000 2708.0000 1449.0000 198.0000 60.5000 1225.5000 2519.0000 383.5000 2349.5000 832.5000 2519.0000 1043.5000 2708.0000 60.5000 832.5000 1449.0000 1624.5000 383.5000 598.0000 1043.5000 1225.5000 2178.5000 1788.0000 198.0000 1975.0000 2349.5000 1624.5000 598.0000 1788.0000 
indexR:
0 0 0 0 0 1 1 1 1 1 0 0 0 1 0 1 1 0 0 1 1 0 1 1 1 1 0 1 0 0 

Offset:
1.5000
layout:
15 5 19 29 11 13 22 4 18 30 2 1 27 12 3 0 6 25 9 20 16 21 7 17 28 24 26 23 10 8 14 
Test:
15, 5, 19, 29, 11, 13, 22, 4, 18, 30, 2, 1, 27, 12, 3, 0, 6, 25, 9, 20, 16, 21, 7, 17, 28, 24, 26, 23, 10, 8, 14, 1.5000


