optimal: 583091.0000
sequence:
7 8 1 5 3 
4 9 6 2 0 
X:
950.0000 538.0000 758.5000 950.0000 88.0000 758.5000 538.0000 88.0000 341.0000 341.0000 
indexR:
1 0 1 0 1 0 1 0 0 1 

Offset:
3.0000
layout:
8 9 2 6 4 0 5 10 7 3 1 
Test:
8, 9, 2, 6, 4, 0, 5, 10, 7, 3, 1, 3.0000


optimal: 583091.0000
sequence:
7 8 1 2 0 
4 9 6 5 3 
X:
950.0000 538.0000 758.5000 950.0000 88.0000 758.5000 538.0000 88.0000 341.0000 341.0000 
indexR:
0 0 0 1 1 1 1 0 0 1 

Offset:
3.0000
layout:
8 9 2 3 1 0 5 10 7 6 4 
Test:
8, 9, 2, 3, 1, 0, 5, 10, 7, 6, 4, 3.0000


optimal: 583091.0000
sequence:
7 9 6 2 0 
4 8 1 5 3 
X:
950.0000 538.0000 758.5000 950.0000 88.0000 758.5000 538.0000 88.0000 341.0000 341.0000 
indexR:
0 1 0 1 1 1 0 0 1 0 

Offset:
3.0000
layout:
8 10 7 3 1 0 5 9 2 6 4 
Test:
8, 10, 7, 3, 1, 0, 5, 9, 2, 6, 4, 3.0000


optimal: 583091.0000
sequence:
7 9 6 5 3 
4 8 1 2 0 
X:
950.0000 538.0000 758.5000 950.0000 88.0000 758.5000 538.0000 88.0000 341.0000 341.0000 
indexR:
1 1 1 0 1 0 0 0 1 0 

Offset:
3.0000
layout:
8 10 7 6 4 0 5 9 2 3 1 
Test:
8, 10, 7, 6, 4, 0, 5, 9, 2, 3, 1, 3.0000


