optimal: 1326248.0000
sequence:
5 11 12 1 2 10 8 4 19 16 
13 9 14 6 15 7 3 0 18 17 
X:
1563.0000 769.0000 949.0000 1318.5000 1563.0000 95.5000 769.0000 1113.0000 1318.5000 314.0000 1113.0000 314.0000 568.0000 95.5000 568.0000 949.0000 1987.0000 1987.0000 1788.5000 1788.5000 
indexR:
1 0 0 1 0 0 1 1 0 1 0 0 0 1 1 1 0 1 1 0 

Offset:
26.5000
layout:
6 12 13 2 3 11 9 5 20 17 0 14 10 15 7 16 8 4 1 19 18 
Test:
6, 12, 13, 2, 3, 11, 9, 5, 20, 17, 0, 14, 10, 15, 7, 16, 8, 4, 1, 19, 18, 26.5000


optimal: 1326248.0000
sequence:
5 11 12 1 2 10 8 4 18 17 
13 9 14 6 15 7 3 0 19 16 
X:
1563.0000 769.0000 949.0000 1318.5000 1563.0000 95.5000 769.0000 1113.0000 1318.5000 314.0000 1113.0000 314.0000 568.0000 95.5000 568.0000 949.0000 1987.0000 1987.0000 1788.5000 1788.5000 
indexR:
1 0 0 1 0 0 1 1 0 1 0 0 0 1 1 1 1 0 0 1 

Offset:
26.5000
layout:
6 12 13 2 3 11 9 5 19 18 0 14 10 15 7 16 8 4 1 20 17 
Test:
6, 12, 13, 2, 3, 11, 9, 5, 19, 18, 0, 14, 10, 15, 7, 16, 8, 4, 1, 20, 17, 26.5000


optimal: 1326248.0000
sequence:
5 11 12 1 2 10 3 0 18 17 
13 9 14 6 15 7 8 4 19 16 
X:
1563.0000 769.0000 949.0000 1318.5000 1563.0000 95.5000 769.0000 1113.0000 1318.5000 314.0000 1113.0000 314.0000 568.0000 95.5000 568.0000 949.0000 1987.0000 1987.0000 1788.5000 1788.5000 
indexR:
0 0 0 0 1 0 1 1 1 1 0 0 0 1 1 1 1 0 0 1 

Offset:
26.5000
layout:
6 12 13 2 3 11 4 1 19 18 0 14 10 15 7 16 8 9 5 20 17 
Test:
6, 12, 13, 2, 3, 11, 4, 1, 19, 18, 0, 14, 10, 15, 7, 16, 8, 9, 5, 20, 17, 26.5000


optimal: 1326248.0000
sequence:
5 11 12 1 2 10 3 0 19 16 
13 9 14 6 15 7 8 4 18 17 
X:
1563.0000 769.0000 949.0000 1318.5000 1563.0000 95.5000 769.0000 1113.0000 1318.5000 314.0000 1113.0000 314.0000 568.0000 95.5000 568.0000 949.0000 1987.0000 1987.0000 1788.5000 1788.5000 
indexR:
0 0 0 0 1 0 1 1 1 1 0 0 0 1 1 1 0 1 1 0 

Offset:
26.5000
layout:
6 12 13 2 3 11 4 1 20 17 0 14 10 15 7 16 8 9 5 19 18 
Test:
6, 12, 13, 2, 3, 11, 4, 1, 20, 17, 0, 14, 10, 15, 7, 16, 8, 9, 5, 19, 18, 26.5000


optimal: 1326248.0000
sequence:
5 11 14 6 15 7 3 0 18 17 
13 9 12 1 2 10 8 4 19 16 
X:
1563.0000 769.0000 949.0000 1318.5000 1563.0000 95.5000 769.0000 1113.0000 1318.5000 314.0000 1113.0000 314.0000 568.0000 95.5000 568.0000 949.0000 1987.0000 1987.0000 1788.5000 1788.5000 
indexR:
0 1 1 0 1 0 0 0 1 1 1 0 1 1 0 0 1 0 0 1 

Offset:
26.5000
layout:
6 12 15 7 16 8 4 1 19 18 0 14 10 13 2 3 11 9 5 20 17 
Test:
6, 12, 15, 7, 16, 8, 4, 1, 19, 18, 0, 14, 10, 13, 2, 3, 11, 9, 5, 20, 17, 26.5000


optimal: 1326248.0000
sequence:
5 11 14 6 15 7 3 0 19 16 
13 9 12 1 2 10 8 4 18 17 
X:
1563.0000 769.0000 949.0000 1318.5000 1563.0000 95.5000 769.0000 1113.0000 1318.5000 314.0000 1113.0000 314.0000 568.0000 95.5000 568.0000 949.0000 1987.0000 1987.0000 1788.5000 1788.5000 
indexR:
0 1 1 0 1 0 0 0 1 1 1 0 1 1 0 0 0 1 1 0 

Offset:
26.5000
layout:
6 12 15 7 16 8 4 1 20 17 0 14 10 13 2 3 11 9 5 19 18 
Test:
6, 12, 15, 7, 16, 8, 4, 1, 20, 17, 0, 14, 10, 13, 2, 3, 11, 9, 5, 19, 18, 26.5000


optimal: 1326248.0000
sequence:
5 11 14 6 15 7 8 4 19 16 
13 9 12 1 2 10 3 0 18 17 
X:
1563.0000 769.0000 949.0000 1318.5000 1563.0000 95.5000 769.0000 1113.0000 1318.5000 314.0000 1113.0000 314.0000 568.0000 95.5000 568.0000 949.0000 1987.0000 1987.0000 1788.5000 1788.5000 
indexR:
1 1 1 1 0 0 0 0 0 1 1 0 1 1 0 0 0 1 1 0 

Offset:
26.5000
layout:
6 12 15 7 16 8 9 5 20 17 0 14 10 13 2 3 11 4 1 19 18 
Test:
6, 12, 15, 7, 16, 8, 9, 5, 20, 17, 0, 14, 10, 13, 2, 3, 11, 4, 1, 19, 18, 26.5000


optimal: 1326248.0000
sequence:
5 11 14 6 15 7 8 4 18 17 
13 9 12 1 2 10 3 0 19 16 
X:
1563.0000 769.0000 949.0000 1318.5000 1563.0000 95.5000 769.0000 1113.0000 1318.5000 314.0000 1113.0000 314.0000 568.0000 95.5000 568.0000 949.0000 1987.0000 1987.0000 1788.5000 1788.5000 
indexR:
1 1 1 1 0 0 0 0 0 1 1 0 1 1 0 0 1 0 0 1 

Offset:
26.5000
layout:
6 12 15 7 16 8 9 5 19 18 0 14 10 13 2 3 11 4 1 20 17 
Test:
6, 12, 15, 7, 16, 8, 9, 5, 19, 18, 0, 14, 10, 13, 2, 3, 11, 4, 1, 20, 17, 26.5000


optimal: 1326248.0000
sequence:
5 11 12 1 2 10 8 0 18 17 
13 9 14 6 15 7 3 4 19 16 
X:
1563.0000 769.0000 949.0000 1318.5000 1563.0000 95.5000 769.0000 1113.0000 1318.5000 314.0000 1113.0000 314.0000 568.0000 95.5000 568.0000 949.0000 1987.0000 1987.0000 1788.5000 1788.5000 
indexR:
0 0 0 1 1 0 1 1 0 1 0 0 0 1 1 1 1 0 0 1 

Offset:
26.5000
layout:
6 12 13 2 3 11 9 1 19 18 0 14 10 15 7 16 8 4 5 20 17 
Test:
6, 12, 13, 2, 3, 11, 9, 1, 19, 18, 0, 14, 10, 15, 7, 16, 8, 4, 5, 20, 17, 26.5000


optimal: 1326248.0000
sequence:
5 11 12 1 2 10 8 0 19 16 
13 9 14 6 15 7 3 4 18 17 
X:
1563.0000 769.0000 949.0000 1318.5000 1563.0000 95.5000 769.0000 1113.0000 1318.5000 314.0000 1113.0000 314.0000 568.0000 95.5000 568.0000 949.0000 1987.0000 1987.0000 1788.5000 1788.5000 
indexR:
0 0 0 1 1 0 1 1 0 1 0 0 0 1 1 1 0 1 1 0 

Offset:
26.5000
layout:
6 12 13 2 3 11 9 1 20 17 0 14 10 15 7 16 8 4 5 19 18 
Test:
6, 12, 13, 2, 3, 11, 9, 1, 20, 17, 0, 14, 10, 15, 7, 16, 8, 4, 5, 19, 18, 26.5000


optimal: 1326248.0000
sequence:
5 11 12 1 2 10 3 4 19 16 
13 9 14 6 15 7 8 0 18 17 
X:
1563.0000 769.0000 949.0000 1318.5000 1563.0000 95.5000 769.0000 1113.0000 1318.5000 314.0000 1113.0000 314.0000 568.0000 95.5000 568.0000 949.0000 1987.0000 1987.0000 1788.5000 1788.5000 
indexR:
1 0 0 0 0 0 1 1 1 1 0 0 0 1 1 1 0 1 1 0 

Offset:
26.5000
layout:
6 12 13 2 3 11 4 5 20 17 0 14 10 15 7 16 8 9 1 19 18 
Test:
6, 12, 13, 2, 3, 11, 4, 5, 20, 17, 0, 14, 10, 15, 7, 16, 8, 9, 1, 19, 18, 26.5000


optimal: 1326248.0000
sequence:
5 11 12 1 2 10 3 4 18 17 
13 9 14 6 15 7 8 0 19 16 
X:
1563.0000 769.0000 949.0000 1318.5000 1563.0000 95.5000 769.0000 1113.0000 1318.5000 314.0000 1113.0000 314.0000 568.0000 95.5000 568.0000 949.0000 1987.0000 1987.0000 1788.5000 1788.5000 
indexR:
1 0 0 0 0 0 1 1 1 1 0 0 0 1 1 1 1 0 0 1 

Offset:
26.5000
layout:
6 12 13 2 3 11 4 5 19 18 0 14 10 15 7 16 8 9 1 20 17 
Test:
6, 12, 13, 2, 3, 11, 4, 5, 19, 18, 0, 14, 10, 15, 7, 16, 8, 9, 1, 20, 17, 26.5000


optimal: 1326248.0000
sequence:
5 11 14 6 15 7 3 4 19 16 
13 9 12 1 2 10 8 0 18 17 
X:
1563.0000 769.0000 949.0000 1318.5000 1563.0000 95.5000 769.0000 1113.0000 1318.5000 314.0000 1113.0000 314.0000 568.0000 95.5000 568.0000 949.0000 1987.0000 1987.0000 1788.5000 1788.5000 
indexR:
1 1 1 0 0 0 0 0 1 1 1 0 1 1 0 0 0 1 1 0 

Offset:
26.5000
layout:
6 12 15 7 16 8 4 5 20 17 0 14 10 13 2 3 11 9 1 19 18 
Test:
6, 12, 15, 7, 16, 8, 4, 5, 20, 17, 0, 14, 10, 13, 2, 3, 11, 9, 1, 19, 18, 26.5000


optimal: 1326248.0000
sequence:
5 11 14 6 15 7 3 4 18 17 
13 9 12 1 2 10 8 0 19 16 
X:
1563.0000 769.0000 949.0000 1318.5000 1563.0000 95.5000 769.0000 1113.0000 1318.5000 314.0000 1113.0000 314.0000 568.0000 95.5000 568.0000 949.0000 1987.0000 1987.0000 1788.5000 1788.5000 
indexR:
1 1 1 0 0 0 0 0 1 1 1 0 1 1 0 0 1 0 0 1 

Offset:
26.5000
layout:
6 12 15 7 16 8 4 5 19 18 0 14 10 13 2 3 11 9 1 20 17 
Test:
6, 12, 15, 7, 16, 8, 4, 5, 19, 18, 0, 14, 10, 13, 2, 3, 11, 9, 1, 20, 17, 26.5000


optimal: 1326248.0000
sequence:
5 11 14 6 15 7 8 0 18 17 
13 9 12 1 2 10 3 4 19 16 
X:
1563.0000 769.0000 949.0000 1318.5000 1563.0000 95.5000 769.0000 1113.0000 1318.5000 314.0000 1113.0000 314.0000 568.0000 95.5000 568.0000 949.0000 1987.0000 1987.0000 1788.5000 1788.5000 
indexR:
0 1 1 1 1 0 0 0 0 1 1 0 1 1 0 0 1 0 0 1 

Offset:
26.5000
layout:
6 12 15 7 16 8 9 1 19 18 0 14 10 13 2 3 11 4 5 20 17 
Test:
6, 12, 15, 7, 16, 8, 9, 1, 19, 18, 0, 14, 10, 13, 2, 3, 11, 4, 5, 20, 17, 26.5000


optimal: 1326248.0000
sequence:
5 11 14 6 15 7 8 0 19 16 
13 9 12 1 2 10 3 4 18 17 
X:
1563.0000 769.0000 949.0000 1318.5000 1563.0000 95.5000 769.0000 1113.0000 1318.5000 314.0000 1113.0000 314.0000 568.0000 95.5000 568.0000 949.0000 1987.0000 1987.0000 1788.5000 1788.5000 
indexR:
0 1 1 1 1 0 0 0 0 1 1 0 1 1 0 0 0 1 1 0 

Offset:
26.5000
layout:
6 12 15 7 16 8 9 1 20 17 0 14 10 13 2 3 11 4 5 19 18 
Test:
6, 12, 15, 7, 16, 8, 9, 1, 20, 17, 0, 14, 10, 13, 2, 3, 11, 4, 5, 19, 18, 26.5000


optimal: 1326248.0000
sequence:
5 9 14 6 15 7 3 0 18 17 
13 11 12 1 2 10 8 4 19 16 
X:
1563.0000 769.0000 949.0000 1318.5000 1563.0000 95.5000 769.0000 1113.0000 1318.5000 314.0000 1113.0000 314.0000 568.0000 95.5000 568.0000 949.0000 1987.0000 1987.0000 1788.5000 1788.5000 
indexR:
0 1 1 0 1 0 0 0 1 0 1 1 1 1 0 0 1 0 0 1 

Offset:
26.5000
layout:
6 10 15 7 16 8 4 1 19 18 0 14 12 13 2 3 11 9 5 20 17 
Test:
6, 10, 15, 7, 16, 8, 4, 1, 19, 18, 0, 14, 12, 13, 2, 3, 11, 9, 5, 20, 17, 26.5000


optimal: 1326248.0000
sequence:
5 9 14 6 15 7 3 0 19 16 
13 11 12 1 2 10 8 4 18 17 
X:
1563.0000 769.0000 949.0000 1318.5000 1563.0000 95.5000 769.0000 1113.0000 1318.5000 314.0000 1113.0000 314.0000 568.0000 95.5000 568.0000 949.0000 1987.0000 1987.0000 1788.5000 1788.5000 
indexR:
0 1 1 0 1 0 0 0 1 0 1 1 1 1 0 0 0 1 1 0 

Offset:
26.5000
layout:
6 10 15 7 16 8 4 1 20 17 0 14 12 13 2 3 11 9 5 19 18 
Test:
6, 10, 15, 7, 16, 8, 4, 1, 20, 17, 0, 14, 12, 13, 2, 3, 11, 9, 5, 19, 18, 26.5000


optimal: 1326248.0000
sequence:
5 9 14 6 15 7 8 4 19 16 
13 11 12 1 2 10 3 0 18 17 
X:
1563.0000 769.0000 949.0000 1318.5000 1563.0000 95.5000 769.0000 1113.0000 1318.5000 314.0000 1113.0000 314.0000 568.0000 95.5000 568.0000 949.0000 1987.0000 1987.0000 1788.5000 1788.5000 
indexR:
1 1 1 1 0 0 0 0 0 0 1 1 1 1 0 0 0 1 1 0 

Offset:
26.5000
layout:
6 10 15 7 16 8 9 5 20 17 0 14 12 13 2 3 11 4 1 19 18 
Test:
6, 10, 15, 7, 16, 8, 9, 5, 20, 17, 0, 14, 12, 13, 2, 3, 11, 4, 1, 19, 18, 26.5000


optimal: 1326248.0000
sequence:
5 9 14 6 15 7 8 4 18 17 
13 11 12 1 2 10 3 0 19 16 
X:
1563.0000 769.0000 949.0000 1318.5000 1563.0000 95.5000 769.0000 1113.0000 1318.5000 314.0000 1113.0000 314.0000 568.0000 95.5000 568.0000 949.0000 1987.0000 1987.0000 1788.5000 1788.5000 
indexR:
1 1 1 1 0 0 0 0 0 0 1 1 1 1 0 0 1 0 0 1 

Offset:
26.5000
layout:
6 10 15 7 16 8 9 5 19 18 0 14 12 13 2 3 11 4 1 20 17 
Test:
6, 10, 15, 7, 16, 8, 9, 5, 19, 18, 0, 14, 12, 13, 2, 3, 11, 4, 1, 20, 17, 26.5000


optimal: 1326248.0000
sequence:
5 9 12 1 2 10 8 4 19 16 
13 11 14 6 15 7 3 0 18 17 
X:
1563.0000 769.0000 949.0000 1318.5000 1563.0000 95.5000 769.0000 1113.0000 1318.5000 314.0000 1113.0000 314.0000 568.0000 95.5000 568.0000 949.0000 1987.0000 1987.0000 1788.5000 1788.5000 
indexR:
1 0 0 1 0 0 1 1 0 0 0 1 0 1 1 1 0 1 1 0 

Offset:
26.5000
layout:
6 10 13 2 3 11 9 5 20 17 0 14 12 15 7 16 8 4 1 19 18 
Test:
6, 10, 13, 2, 3, 11, 9, 5, 20, 17, 0, 14, 12, 15, 7, 16, 8, 4, 1, 19, 18, 26.5000


optimal: 1326248.0000
sequence:
5 9 12 1 2 10 8 4 18 17 
13 11 14 6 15 7 3 0 19 16 
X:
1563.0000 769.0000 949.0000 1318.5000 1563.0000 95.5000 769.0000 1113.0000 1318.5000 314.0000 1113.0000 314.0000 568.0000 95.5000 568.0000 949.0000 1987.0000 1987.0000 1788.5000 1788.5000 
indexR:
1 0 0 1 0 0 1 1 0 0 0 1 0 1 1 1 1 0 0 1 

Offset:
26.5000
layout:
6 10 13 2 3 11 9 5 19 18 0 14 12 15 7 16 8 4 1 20 17 
Test:
6, 10, 13, 2, 3, 11, 9, 5, 19, 18, 0, 14, 12, 15, 7, 16, 8, 4, 1, 20, 17, 26.5000


optimal: 1326248.0000
sequence:
5 9 12 1 2 10 3 0 18 17 
13 11 14 6 15 7 8 4 19 16 
X:
1563.0000 769.0000 949.0000 1318.5000 1563.0000 95.5000 769.0000 1113.0000 1318.5000 314.0000 1113.0000 314.0000 568.0000 95.5000 568.0000 949.0000 1987.0000 1987.0000 1788.5000 1788.5000 
indexR:
0 0 0 0 1 0 1 1 1 0 0 1 0 1 1 1 1 0 0 1 

Offset:
26.5000
layout:
6 10 13 2 3 11 4 1 19 18 0 14 12 15 7 16 8 9 5 20 17 
Test:
6, 10, 13, 2, 3, 11, 4, 1, 19, 18, 0, 14, 12, 15, 7, 16, 8, 9, 5, 20, 17, 26.5000


optimal: 1326248.0000
sequence:
5 9 12 1 2 10 3 0 19 16 
13 11 14 6 15 7 8 4 18 17 
X:
1563.0000 769.0000 949.0000 1318.5000 1563.0000 95.5000 769.0000 1113.0000 1318.5000 314.0000 1113.0000 314.0000 568.0000 95.5000 568.0000 949.0000 1987.0000 1987.0000 1788.5000 1788.5000 
indexR:
0 0 0 0 1 0 1 1 1 0 0 1 0 1 1 1 0 1 1 0 

Offset:
26.5000
layout:
6 10 13 2 3 11 4 1 20 17 0 14 12 15 7 16 8 9 5 19 18 
Test:
6, 10, 13, 2, 3, 11, 4, 1, 20, 17, 0, 14, 12, 15, 7, 16, 8, 9, 5, 19, 18, 26.5000


optimal: 1326248.0000
sequence:
5 9 14 6 15 7 3 4 19 16 
13 11 12 1 2 10 8 0 18 17 
X:
1563.0000 769.0000 949.0000 1318.5000 1563.0000 95.5000 769.0000 1113.0000 1318.5000 314.0000 1113.0000 314.0000 568.0000 95.5000 568.0000 949.0000 1987.0000 1987.0000 1788.5000 1788.5000 
indexR:
1 1 1 0 0 0 0 0 1 0 1 1 1 1 0 0 0 1 1 0 

Offset:
26.5000
layout:
6 10 15 7 16 8 4 5 20 17 0 14 12 13 2 3 11 9 1 19 18 
Test:
6, 10, 15, 7, 16, 8, 4, 5, 20, 17, 0, 14, 12, 13, 2, 3, 11, 9, 1, 19, 18, 26.5000


optimal: 1326248.0000
sequence:
5 9 14 6 15 7 3 4 18 17 
13 11 12 1 2 10 8 0 19 16 
X:
1563.0000 769.0000 949.0000 1318.5000 1563.0000 95.5000 769.0000 1113.0000 1318.5000 314.0000 1113.0000 314.0000 568.0000 95.5000 568.0000 949.0000 1987.0000 1987.0000 1788.5000 1788.5000 
indexR:
1 1 1 0 0 0 0 0 1 0 1 1 1 1 0 0 1 0 0 1 

Offset:
26.5000
layout:
6 10 15 7 16 8 4 5 19 18 0 14 12 13 2 3 11 9 1 20 17 
Test:
6, 10, 15, 7, 16, 8, 4, 5, 19, 18, 0, 14, 12, 13, 2, 3, 11, 9, 1, 20, 17, 26.5000


optimal: 1326248.0000
sequence:
5 9 14 6 15 7 8 0 18 17 
13 11 12 1 2 10 3 4 19 16 
X:
1563.0000 769.0000 949.0000 1318.5000 1563.0000 95.5000 769.0000 1113.0000 1318.5000 314.0000 1113.0000 314.0000 568.0000 95.5000 568.0000 949.0000 1987.0000 1987.0000 1788.5000 1788.5000 
indexR:
0 1 1 1 1 0 0 0 0 0 1 1 1 1 0 0 1 0 0 1 

Offset:
26.5000
layout:
6 10 15 7 16 8 9 1 19 18 0 14 12 13 2 3 11 4 5 20 17 
Test:
6, 10, 15, 7, 16, 8, 9, 1, 19, 18, 0, 14, 12, 13, 2, 3, 11, 4, 5, 20, 17, 26.5000


optimal: 1326248.0000
sequence:
5 9 14 6 15 7 8 0 19 16 
13 11 12 1 2 10 3 4 18 17 
X:
1563.0000 769.0000 949.0000 1318.5000 1563.0000 95.5000 769.0000 1113.0000 1318.5000 314.0000 1113.0000 314.0000 568.0000 95.5000 568.0000 949.0000 1987.0000 1987.0000 1788.5000 1788.5000 
indexR:
0 1 1 1 1 0 0 0 0 0 1 1 1 1 0 0 0 1 1 0 

Offset:
26.5000
layout:
6 10 15 7 16 8 9 1 20 17 0 14 12 13 2 3 11 4 5 19 18 
Test:
6, 10, 15, 7, 16, 8, 9, 1, 20, 17, 0, 14, 12, 13, 2, 3, 11, 4, 5, 19, 18, 26.5000


optimal: 1326248.0000
sequence:
5 9 12 1 2 10 8 0 18 17 
13 11 14 6 15 7 3 4 19 16 
X:
1563.0000 769.0000 949.0000 1318.5000 1563.0000 95.5000 769.0000 1113.0000 1318.5000 314.0000 1113.0000 314.0000 568.0000 95.5000 568.0000 949.0000 1987.0000 1987.0000 1788.5000 1788.5000 
indexR:
0 0 0 1 1 0 1 1 0 0 0 1 0 1 1 1 1 0 0 1 

Offset:
26.5000
layout:
6 10 13 2 3 11 9 1 19 18 0 14 12 15 7 16 8 4 5 20 17 
Test:
6, 10, 13, 2, 3, 11, 9, 1, 19, 18, 0, 14, 12, 15, 7, 16, 8, 4, 5, 20, 17, 26.5000


optimal: 1326248.0000
sequence:
5 9 12 1 2 10 8 0 19 16 
13 11 14 6 15 7 3 4 18 17 
X:
1563.0000 769.0000 949.0000 1318.5000 1563.0000 95.5000 769.0000 1113.0000 1318.5000 314.0000 1113.0000 314.0000 568.0000 95.5000 568.0000 949.0000 1987.0000 1987.0000 1788.5000 1788.5000 
indexR:
0 0 0 1 1 0 1 1 0 0 0 1 0 1 1 1 0 1 1 0 

Offset:
26.5000
layout:
6 10 13 2 3 11 9 1 20 17 0 14 12 15 7 16 8 4 5 19 18 
Test:
6, 10, 13, 2, 3, 11, 9, 1, 20, 17, 0, 14, 12, 15, 7, 16, 8, 4, 5, 19, 18, 26.5000


optimal: 1326248.0000
sequence:
5 9 12 1 2 10 3 4 19 16 
13 11 14 6 15 7 8 0 18 17 
X:
1563.0000 769.0000 949.0000 1318.5000 1563.0000 95.5000 769.0000 1113.0000 1318.5000 314.0000 1113.0000 314.0000 568.0000 95.5000 568.0000 949.0000 1987.0000 1987.0000 1788.5000 1788.5000 
indexR:
1 0 0 0 0 0 1 1 1 0 0 1 0 1 1 1 0 1 1 0 

Offset:
26.5000
layout:
6 10 13 2 3 11 4 5 20 17 0 14 12 15 7 16 8 9 1 19 18 
Test:
6, 10, 13, 2, 3, 11, 4, 5, 20, 17, 0, 14, 12, 15, 7, 16, 8, 9, 1, 19, 18, 26.5000


optimal: 1326248.0000
sequence:
5 9 12 1 2 10 3 4 18 17 
13 11 14 6 15 7 8 0 19 16 
X:
1563.0000 769.0000 949.0000 1318.5000 1563.0000 95.5000 769.0000 1113.0000 1318.5000 314.0000 1113.0000 314.0000 568.0000 95.5000 568.0000 949.0000 1987.0000 1987.0000 1788.5000 1788.5000 
indexR:
1 0 0 0 0 0 1 1 1 0 0 1 0 1 1 1 1 0 0 1 

Offset:
26.5000
layout:
6 10 13 2 3 11 4 5 19 18 0 14 12 15 7 16 8 9 1 20 17 
Test:
6, 10, 13, 2, 3, 11, 4, 5, 19, 18, 0, 14, 12, 15, 7, 16, 8, 9, 1, 20, 17, 26.5000


