optimal: 1087166.5000
sequence:
9 7 15 8 16 0 11 2 1 
12 10 6 14 5 4 17 13 3 
X:
1110.5000 1766.0000 1541.5000 1766.0000 1110.5000 908.0000 459.5000 283.5000 712.0000 82.0000 283.5000 1298.0000 82.0000 1541.5000 712.0000 459.5000 908.0000 1298.0000 
indexR:
0 0 0 1 1 1 1 0 0 0 1 0 1 1 1 0 0 1 

Offset:
14.5000
layout:
10 8 16 9 17 1 12 3 2 0 13 11 7 15 6 5 18 14 4 
Test:
10, 8, 16, 9, 17, 1, 12, 3, 2, 0, 13, 11, 7, 15, 6, 5, 18, 14, 4, 14.5000


optimal: 1087166.5000
sequence:
9 7 15 8 16 0 11 2 3 
12 10 6 14 5 4 17 13 1 
X:
1110.5000 1766.0000 1541.5000 1766.0000 1110.5000 908.0000 459.5000 283.5000 712.0000 82.0000 283.5000 1298.0000 82.0000 1541.5000 712.0000 459.5000 908.0000 1298.0000 
indexR:
0 1 0 0 1 1 1 0 0 0 1 0 1 1 1 0 0 1 

Offset:
14.5000
layout:
10 8 16 9 17 1 12 3 4 0 13 11 7 15 6 5 18 14 2 
Test:
10, 8, 16, 9, 17, 1, 12, 3, 4, 0, 13, 11, 7, 15, 6, 5, 18, 14, 2, 14.5000


optimal: 1087166.5000
sequence:
9 7 15 8 16 0 11 13 3 
12 10 6 14 5 4 17 2 1 
X:
1110.5000 1766.0000 1541.5000 1766.0000 1110.5000 908.0000 459.5000 283.5000 712.0000 82.0000 283.5000 1298.0000 82.0000 1541.5000 712.0000 459.5000 908.0000 1298.0000 
indexR:
0 1 1 0 1 1 1 0 0 0 1 0 1 0 1 0 0 1 

Offset:
14.5000
layout:
10 8 16 9 17 1 12 14 4 0 13 11 7 15 6 5 18 3 2 
Test:
10, 8, 16, 9, 17, 1, 12, 14, 4, 0, 13, 11, 7, 15, 6, 5, 18, 3, 2, 14.5000


optimal: 1087166.5000
sequence:
9 7 15 8 16 0 11 13 1 
12 10 6 14 5 4 17 2 3 
X:
1110.5000 1766.0000 1541.5000 1766.0000 1110.5000 908.0000 459.5000 283.5000 712.0000 82.0000 283.5000 1298.0000 82.0000 1541.5000 712.0000 459.5000 908.0000 1298.0000 
indexR:
0 0 1 1 1 1 1 0 0 0 1 0 1 0 1 0 0 1 

Offset:
14.5000
layout:
10 8 16 9 17 1 12 14 2 0 13 11 7 15 6 5 18 3 4 
Test:
10, 8, 16, 9, 17, 1, 12, 14, 2, 0, 13, 11, 7, 15, 6, 5, 18, 3, 4, 14.5000


optimal: 1087166.5000
sequence:
9 7 15 14 5 4 17 13 3 
12 10 6 8 16 0 11 2 1 
X:
1110.5000 1766.0000 1541.5000 1766.0000 1110.5000 908.0000 459.5000 283.5000 712.0000 82.0000 283.5000 1298.0000 82.0000 1541.5000 712.0000 459.5000 908.0000 1298.0000 
indexR:
1 1 1 0 0 0 1 0 1 0 1 1 1 0 0 0 1 0 

Offset:
14.5000
layout:
10 8 16 15 6 5 18 14 4 0 13 11 7 9 17 1 12 3 2 
Test:
10, 8, 16, 15, 6, 5, 18, 14, 4, 0, 13, 11, 7, 9, 17, 1, 12, 3, 2, 14.5000


optimal: 1087166.5000
sequence:
9 7 15 14 5 4 17 13 1 
12 10 6 8 16 0 11 2 3 
X:
1110.5000 1766.0000 1541.5000 1766.0000 1110.5000 908.0000 459.5000 283.5000 712.0000 82.0000 283.5000 1298.0000 82.0000 1541.5000 712.0000 459.5000 908.0000 1298.0000 
indexR:
1 0 1 1 0 0 1 0 1 0 1 1 1 0 0 0 1 0 

Offset:
14.5000
layout:
10 8 16 15 6 5 18 14 2 0 13 11 7 9 17 1 12 3 4 
Test:
10, 8, 16, 15, 6, 5, 18, 14, 2, 0, 13, 11, 7, 9, 17, 1, 12, 3, 4, 14.5000


optimal: 1087166.5000
sequence:
9 7 15 14 5 4 17 2 1 
12 10 6 8 16 0 11 13 3 
X:
1110.5000 1766.0000 1541.5000 1766.0000 1110.5000 908.0000 459.5000 283.5000 712.0000 82.0000 283.5000 1298.0000 82.0000 1541.5000 712.0000 459.5000 908.0000 1298.0000 
indexR:
1 0 0 1 0 0 1 0 1 0 1 1 1 1 0 0 1 0 

Offset:
14.5000
layout:
10 8 16 15 6 5 18 3 2 0 13 11 7 9 17 1 12 14 4 
Test:
10, 8, 16, 15, 6, 5, 18, 3, 2, 0, 13, 11, 7, 9, 17, 1, 12, 14, 4, 14.5000


optimal: 1087166.5000
sequence:
9 7 15 14 5 4 17 2 3 
12 10 6 8 16 0 11 13 1 
X:
1110.5000 1766.0000 1541.5000 1766.0000 1110.5000 908.0000 459.5000 283.5000 712.0000 82.0000 283.5000 1298.0000 82.0000 1541.5000 712.0000 459.5000 908.0000 1298.0000 
indexR:
1 1 0 0 0 0 1 0 1 0 1 1 1 1 0 0 1 0 

Offset:
14.5000
layout:
10 8 16 15 6 5 18 3 4 0 13 11 7 9 17 1 12 14 2 
Test:
10, 8, 16, 15, 6, 5, 18, 3, 4, 0, 13, 11, 7, 9, 17, 1, 12, 14, 2, 14.5000


