optimal: 1644296.5000
sequence:
3 19 8 1 13 24 21 9 4 2 17 5 15 
0 10 7 25 22 11 20 12 6 18 23 14 16 
X:
86.5000 796.5000 2003.0000 86.5000 1810.5000 2444.0000 1810.5000 557.0000 557.0000 1608.5000 288.0000 1194.5000 1608.5000 987.0000 2444.0000 2719.0000 2719.0000 2192.0000 2003.0000 288.0000 1422.0000 1422.0000 987.0000 2192.0000 1194.5000 796.5000 
indexR:
1 0 0 0 0 0 1 1 0 0 1 1 1 0 1 0 1 0 1 0 1 0 1 1 0 1 

Offset:
15.0000
layout:
4 20 9 2 14 25 22 10 5 3 18 6 16 0 1 11 8 26 23 12 21 13 7 19 24 15 17 
Test:
4, 20, 9, 2, 14, 25, 22, 10, 5, 3, 18, 6, 16, 0, 1, 11, 8, 26, 23, 12, 21, 13, 7, 19, 24, 15, 17, 15.0000


optimal: 1644296.5000
sequence:
3 19 7 25 22 11 20 12 6 18 23 14 16 
0 10 8 1 13 24 21 9 4 2 17 5 15 
X:
86.5000 796.5000 2003.0000 86.5000 1810.5000 2444.0000 1810.5000 557.0000 557.0000 1608.5000 288.0000 1194.5000 1608.5000 987.0000 2444.0000 2719.0000 2719.0000 2192.0000 2003.0000 288.0000 1422.0000 1422.0000 987.0000 2192.0000 1194.5000 796.5000 
indexR:
1 1 1 0 1 1 0 0 1 1 1 0 0 1 0 1 0 1 0 0 0 1 0 0 1 0 

Offset:
15.0000
layout:
4 20 8 26 23 12 21 13 7 19 24 15 17 0 1 11 9 2 14 25 22 10 5 3 18 6 16 
Test:
4, 20, 8, 26, 23, 12, 21, 13, 7, 19, 24, 15, 17, 0, 1, 11, 9, 2, 14, 25, 22, 10, 5, 3, 18, 6, 16, 15.0000


optimal: 1644296.5000
sequence:
3 19 8 25 22 11 20 12 6 18 23 14 16 
0 10 7 1 13 24 21 9 4 2 17 5 15 
X:
86.5000 796.5000 2003.0000 86.5000 1810.5000 2444.0000 1810.5000 557.0000 557.0000 1608.5000 288.0000 1194.5000 1608.5000 987.0000 2444.0000 2719.0000 2719.0000 2192.0000 2003.0000 288.0000 1422.0000 1422.0000 987.0000 2192.0000 1194.5000 796.5000 
indexR:
1 1 1 0 1 1 0 1 0 1 1 0 0 1 0 1 0 1 0 0 0 1 0 0 1 0 

Offset:
15.0000
layout:
4 20 9 26 23 12 21 13 7 19 24 15 17 0 1 11 8 2 14 25 22 10 5 3 18 6 16 
Test:
4, 20, 9, 26, 23, 12, 21, 13, 7, 19, 24, 15, 17, 0, 1, 11, 8, 2, 14, 25, 22, 10, 5, 3, 18, 6, 16, 15.0000


optimal: 1644296.5000
sequence:
3 19 7 1 13 24 21 9 4 2 17 5 15 
0 10 8 25 22 11 20 12 6 18 23 14 16 
X:
86.5000 796.5000 2003.0000 86.5000 1810.5000 2444.0000 1810.5000 557.0000 557.0000 1608.5000 288.0000 1194.5000 1608.5000 987.0000 2444.0000 2719.0000 2719.0000 2192.0000 2003.0000 288.0000 1422.0000 1422.0000 987.0000 2192.0000 1194.5000 796.5000 
indexR:
1 0 0 0 0 0 1 0 1 0 1 1 1 0 1 0 1 0 1 0 1 0 1 1 0 1 

Offset:
15.0000
layout:
4 20 8 2 14 25 22 10 5 3 18 6 16 0 1 11 9 26 23 12 21 13 7 19 24 15 17 
Test:
4, 20, 8, 2, 14, 25, 22, 10, 5, 3, 18, 6, 16, 0, 1, 11, 9, 26, 23, 12, 21, 13, 7, 19, 24, 15, 17, 15.0000


optimal: 1644296.5000
sequence:
3 19 8 1 13 24 21 9 4 2 17 5 16 
0 10 7 25 22 11 20 12 6 18 23 14 15 
X:
86.5000 796.5000 2003.0000 86.5000 1810.5000 2444.0000 1810.5000 557.0000 557.0000 1608.5000 288.0000 1194.5000 1608.5000 987.0000 2444.0000 2719.0000 2719.0000 2192.0000 2003.0000 288.0000 1422.0000 1422.0000 987.0000 2192.0000 1194.5000 796.5000 
indexR:
1 0 0 0 0 0 1 1 0 0 1 1 1 0 1 1 0 0 1 0 1 0 1 1 0 1 

Offset:
15.0000
layout:
4 20 9 2 14 25 22 10 5 3 18 6 17 0 1 11 8 26 23 12 21 13 7 19 24 15 16 
Test:
4, 20, 9, 2, 14, 25, 22, 10, 5, 3, 18, 6, 17, 0, 1, 11, 8, 26, 23, 12, 21, 13, 7, 19, 24, 15, 16, 15.0000


optimal: 1644296.5000
sequence:
3 19 7 25 22 11 20 12 6 18 23 14 15 
0 10 8 1 13 24 21 9 4 2 17 5 16 
X:
86.5000 796.5000 2003.0000 86.5000 1810.5000 2444.0000 1810.5000 557.0000 557.0000 1608.5000 288.0000 1194.5000 1608.5000 987.0000 2444.0000 2719.0000 2719.0000 2192.0000 2003.0000 288.0000 1422.0000 1422.0000 987.0000 2192.0000 1194.5000 796.5000 
indexR:
1 1 1 0 1 1 0 0 1 1 1 0 0 1 0 0 1 1 0 0 0 1 0 0 1 0 

Offset:
15.0000
layout:
4 20 8 26 23 12 21 13 7 19 24 15 16 0 1 11 9 2 14 25 22 10 5 3 18 6 17 
Test:
4, 20, 8, 26, 23, 12, 21, 13, 7, 19, 24, 15, 16, 0, 1, 11, 9, 2, 14, 25, 22, 10, 5, 3, 18, 6, 17, 15.0000


optimal: 1644296.5000
sequence:
3 19 8 25 22 11 20 12 6 18 23 14 15 
0 10 7 1 13 24 21 9 4 2 17 5 16 
X:
86.5000 796.5000 2003.0000 86.5000 1810.5000 2444.0000 1810.5000 557.0000 557.0000 1608.5000 288.0000 1194.5000 1608.5000 987.0000 2444.0000 2719.0000 2719.0000 2192.0000 2003.0000 288.0000 1422.0000 1422.0000 987.0000 2192.0000 1194.5000 796.5000 
indexR:
1 1 1 0 1 1 0 1 0 1 1 0 0 1 0 0 1 1 0 0 0 1 0 0 1 0 

Offset:
15.0000
layout:
4 20 9 26 23 12 21 13 7 19 24 15 16 0 1 11 8 2 14 25 22 10 5 3 18 6 17 
Test:
4, 20, 9, 26, 23, 12, 21, 13, 7, 19, 24, 15, 16, 0, 1, 11, 8, 2, 14, 25, 22, 10, 5, 3, 18, 6, 17, 15.0000


optimal: 1644296.5000
sequence:
3 19 7 1 13 24 21 9 4 2 17 5 16 
0 10 8 25 22 11 20 12 6 18 23 14 15 
X:
86.5000 796.5000 2003.0000 86.5000 1810.5000 2444.0000 1810.5000 557.0000 557.0000 1608.5000 288.0000 1194.5000 1608.5000 987.0000 2444.0000 2719.0000 2719.0000 2192.0000 2003.0000 288.0000 1422.0000 1422.0000 987.0000 2192.0000 1194.5000 796.5000 
indexR:
1 0 0 0 0 0 1 0 1 0 1 1 1 0 1 1 0 0 1 0 1 0 1 1 0 1 

Offset:
15.0000
layout:
4 20 8 2 14 25 22 10 5 3 18 6 17 0 1 11 9 26 23 12 21 13 7 19 24 15 16 
Test:
4, 20, 8, 2, 14, 25, 22, 10, 5, 3, 18, 6, 17, 0, 1, 11, 9, 26, 23, 12, 21, 13, 7, 19, 24, 15, 16, 15.0000


optimal: 1644296.5000
sequence:
3 19 8 1 13 24 21 9 4 2 17 14 16 
0 10 7 25 22 11 20 12 6 18 23 5 15 
X:
86.5000 796.5000 2003.0000 86.5000 1810.5000 2444.0000 1810.5000 557.0000 557.0000 1608.5000 288.0000 1194.5000 1608.5000 987.0000 2444.0000 2719.0000 2719.0000 2192.0000 2003.0000 288.0000 1422.0000 1422.0000 987.0000 2192.0000 1194.5000 796.5000 
indexR:
1 0 0 0 0 1 1 1 0 0 1 1 1 0 0 1 0 0 1 0 1 0 1 1 0 1 

Offset:
15.0000
layout:
4 20 9 2 14 25 22 10 5 3 18 15 17 0 1 11 8 26 23 12 21 13 7 19 24 6 16 
Test:
4, 20, 9, 2, 14, 25, 22, 10, 5, 3, 18, 15, 17, 0, 1, 11, 8, 26, 23, 12, 21, 13, 7, 19, 24, 6, 16, 15.0000


optimal: 1644296.5000
sequence:
3 19 7 25 22 11 20 12 6 18 23 5 15 
0 10 8 1 13 24 21 9 4 2 17 14 16 
X:
86.5000 796.5000 2003.0000 86.5000 1810.5000 2444.0000 1810.5000 557.0000 557.0000 1608.5000 288.0000 1194.5000 1608.5000 987.0000 2444.0000 2719.0000 2719.0000 2192.0000 2003.0000 288.0000 1422.0000 1422.0000 987.0000 2192.0000 1194.5000 796.5000 
indexR:
1 1 1 0 1 0 0 0 1 1 1 0 0 1 1 0 1 1 0 0 0 1 0 0 1 0 

Offset:
15.0000
layout:
4 20 8 26 23 12 21 13 7 19 24 6 16 0 1 11 9 2 14 25 22 10 5 3 18 15 17 
Test:
4, 20, 8, 26, 23, 12, 21, 13, 7, 19, 24, 6, 16, 0, 1, 11, 9, 2, 14, 25, 22, 10, 5, 3, 18, 15, 17, 15.0000


optimal: 1644296.5000
sequence:
3 19 8 25 22 11 20 12 6 18 23 5 15 
0 10 7 1 13 24 21 9 4 2 17 14 16 
X:
86.5000 796.5000 2003.0000 86.5000 1810.5000 2444.0000 1810.5000 557.0000 557.0000 1608.5000 288.0000 1194.5000 1608.5000 987.0000 2444.0000 2719.0000 2719.0000 2192.0000 2003.0000 288.0000 1422.0000 1422.0000 987.0000 2192.0000 1194.5000 796.5000 
indexR:
1 1 1 0 1 0 0 1 0 1 1 0 0 1 1 0 1 1 0 0 0 1 0 0 1 0 

Offset:
15.0000
layout:
4 20 9 26 23 12 21 13 7 19 24 6 16 0 1 11 8 2 14 25 22 10 5 3 18 15 17 
Test:
4, 20, 9, 26, 23, 12, 21, 13, 7, 19, 24, 6, 16, 0, 1, 11, 8, 2, 14, 25, 22, 10, 5, 3, 18, 15, 17, 15.0000


optimal: 1644296.5000
sequence:
3 19 7 1 13 24 21 9 4 2 17 14 16 
0 10 8 25 22 11 20 12 6 18 23 5 15 
X:
86.5000 796.5000 2003.0000 86.5000 1810.5000 2444.0000 1810.5000 557.0000 557.0000 1608.5000 288.0000 1194.5000 1608.5000 987.0000 2444.0000 2719.0000 2719.0000 2192.0000 2003.0000 288.0000 1422.0000 1422.0000 987.0000 2192.0000 1194.5000 796.5000 
indexR:
1 0 0 0 0 1 1 0 1 0 1 1 1 0 0 1 0 0 1 0 1 0 1 1 0 1 

Offset:
15.0000
layout:
4 20 8 2 14 25 22 10 5 3 18 15 17 0 1 11 9 26 23 12 21 13 7 19 24 6 16 
Test:
4, 20, 8, 2, 14, 25, 22, 10, 5, 3, 18, 15, 17, 0, 1, 11, 9, 26, 23, 12, 21, 13, 7, 19, 24, 6, 16, 15.0000


optimal: 1644296.5000
sequence:
3 19 8 1 13 24 21 9 4 2 17 14 15 
0 10 7 25 22 11 20 12 6 18 23 5 16 
X:
86.5000 796.5000 2003.0000 86.5000 1810.5000 2444.0000 1810.5000 557.0000 557.0000 1608.5000 288.0000 1194.5000 1608.5000 987.0000 2444.0000 2719.0000 2719.0000 2192.0000 2003.0000 288.0000 1422.0000 1422.0000 987.0000 2192.0000 1194.5000 796.5000 
indexR:
1 0 0 0 0 1 1 1 0 0 1 1 1 0 0 0 1 0 1 0 1 0 1 1 0 1 

Offset:
15.0000
layout:
4 20 9 2 14 25 22 10 5 3 18 15 16 0 1 11 8 26 23 12 21 13 7 19 24 6 17 
Test:
4, 20, 9, 2, 14, 25, 22, 10, 5, 3, 18, 15, 16, 0, 1, 11, 8, 26, 23, 12, 21, 13, 7, 19, 24, 6, 17, 15.0000


optimal: 1644296.5000
sequence:
3 19 7 25 22 11 20 12 6 18 23 5 16 
0 10 8 1 13 24 21 9 4 2 17 14 15 
X:
86.5000 796.5000 2003.0000 86.5000 1810.5000 2444.0000 1810.5000 557.0000 557.0000 1608.5000 288.0000 1194.5000 1608.5000 987.0000 2444.0000 2719.0000 2719.0000 2192.0000 2003.0000 288.0000 1422.0000 1422.0000 987.0000 2192.0000 1194.5000 796.5000 
indexR:
1 1 1 0 1 0 0 0 1 1 1 0 0 1 1 1 0 1 0 0 0 1 0 0 1 0 

Offset:
15.0000
layout:
4 20 8 26 23 12 21 13 7 19 24 6 17 0 1 11 9 2 14 25 22 10 5 3 18 15 16 
Test:
4, 20, 8, 26, 23, 12, 21, 13, 7, 19, 24, 6, 17, 0, 1, 11, 9, 2, 14, 25, 22, 10, 5, 3, 18, 15, 16, 15.0000


optimal: 1644296.5000
sequence:
3 19 8 25 22 11 20 12 6 18 23 5 16 
0 10 7 1 13 24 21 9 4 2 17 14 15 
X:
86.5000 796.5000 2003.0000 86.5000 1810.5000 2444.0000 1810.5000 557.0000 557.0000 1608.5000 288.0000 1194.5000 1608.5000 987.0000 2444.0000 2719.0000 2719.0000 2192.0000 2003.0000 288.0000 1422.0000 1422.0000 987.0000 2192.0000 1194.5000 796.5000 
indexR:
1 1 1 0 1 0 0 1 0 1 1 0 0 1 1 1 0 1 0 0 0 1 0 0 1 0 

Offset:
15.0000
layout:
4 20 9 26 23 12 21 13 7 19 24 6 17 0 1 11 8 2 14 25 22 10 5 3 18 15 16 
Test:
4, 20, 9, 26, 23, 12, 21, 13, 7, 19, 24, 6, 17, 0, 1, 11, 8, 2, 14, 25, 22, 10, 5, 3, 18, 15, 16, 15.0000


optimal: 1644296.5000
sequence:
3 19 7 1 13 24 21 9 4 2 17 14 15 
0 10 8 25 22 11 20 12 6 18 23 5 16 
X:
86.5000 796.5000 2003.0000 86.5000 1810.5000 2444.0000 1810.5000 557.0000 557.0000 1608.5000 288.0000 1194.5000 1608.5000 987.0000 2444.0000 2719.0000 2719.0000 2192.0000 2003.0000 288.0000 1422.0000 1422.0000 987.0000 2192.0000 1194.5000 796.5000 
indexR:
1 0 0 0 0 1 1 0 1 0 1 1 1 0 0 0 1 0 1 0 1 0 1 1 0 1 

Offset:
15.0000
layout:
4 20 8 2 14 25 22 10 5 3 18 15 16 0 1 11 9 26 23 12 21 13 7 19 24 6 17 
Test:
4, 20, 8, 2, 14, 25, 22, 10, 5, 3, 18, 15, 16, 0, 1, 11, 9, 26, 23, 12, 21, 13, 7, 19, 24, 6, 17, 15.0000


optimal: 1644296.5000
sequence:
3 19 8 1 13 24 20 12 6 18 23 14 16 
0 10 7 25 22 11 21 9 4 2 17 5 15 
X:
86.5000 796.5000 2003.0000 86.5000 1810.5000 2444.0000 1810.5000 557.0000 557.0000 1608.5000 288.0000 1194.5000 1608.5000 987.0000 2444.0000 2719.0000 2719.0000 2192.0000 2003.0000 288.0000 1422.0000 1422.0000 987.0000 2192.0000 1194.5000 796.5000 
indexR:
1 0 1 0 1 1 0 1 0 1 1 1 0 0 0 1 0 1 0 0 0 1 1 0 0 1 

Offset:
15.0000
layout:
4 20 9 2 14 25 21 13 7 19 24 15 17 0 1 11 8 26 23 12 22 10 5 3 18 6 16 
Test:
4, 20, 9, 2, 14, 25, 21, 13, 7, 19, 24, 15, 17, 0, 1, 11, 8, 26, 23, 12, 22, 10, 5, 3, 18, 6, 16, 15.0000


optimal: 1644296.5000
sequence:
3 19 7 25 22 11 21 9 4 2 17 5 15 
0 10 8 1 13 24 20 12 6 18 23 14 16 
X:
86.5000 796.5000 2003.0000 86.5000 1810.5000 2444.0000 1810.5000 557.0000 557.0000 1608.5000 288.0000 1194.5000 1608.5000 987.0000 2444.0000 2719.0000 2719.0000 2192.0000 2003.0000 288.0000 1422.0000 1422.0000 987.0000 2192.0000 1194.5000 796.5000 
indexR:
1 1 0 0 0 0 1 0 1 0 1 0 1 1 1 0 1 0 1 0 1 0 0 1 1 0 

Offset:
15.0000
layout:
4 20 8 26 23 12 22 10 5 3 18 6 16 0 1 11 9 2 14 25 21 13 7 19 24 15 17 
Test:
4, 20, 8, 26, 23, 12, 22, 10, 5, 3, 18, 6, 16, 0, 1, 11, 9, 2, 14, 25, 21, 13, 7, 19, 24, 15, 17, 15.0000


optimal: 1644296.5000
sequence:
3 19 8 25 22 11 21 9 4 2 17 5 15 
0 10 7 1 13 24 20 12 6 18 23 14 16 
X:
86.5000 796.5000 2003.0000 86.5000 1810.5000 2444.0000 1810.5000 557.0000 557.0000 1608.5000 288.0000 1194.5000 1608.5000 987.0000 2444.0000 2719.0000 2719.0000 2192.0000 2003.0000 288.0000 1422.0000 1422.0000 987.0000 2192.0000 1194.5000 796.5000 
indexR:
1 1 0 0 0 0 1 1 0 0 1 0 1 1 1 0 1 0 1 0 1 0 0 1 1 0 

Offset:
15.0000
layout:
4 20 9 26 23 12 22 10 5 3 18 6 16 0 1 11 8 2 14 25 21 13 7 19 24 15 17 
Test:
4, 20, 9, 26, 23, 12, 22, 10, 5, 3, 18, 6, 16, 0, 1, 11, 8, 2, 14, 25, 21, 13, 7, 19, 24, 15, 17, 15.0000


optimal: 1644296.5000
sequence:
3 19 7 1 13 24 20 12 6 18 23 14 16 
0 10 8 25 22 11 21 9 4 2 17 5 15 
X:
86.5000 796.5000 2003.0000 86.5000 1810.5000 2444.0000 1810.5000 557.0000 557.0000 1608.5000 288.0000 1194.5000 1608.5000 987.0000 2444.0000 2719.0000 2719.0000 2192.0000 2003.0000 288.0000 1422.0000 1422.0000 987.0000 2192.0000 1194.5000 796.5000 
indexR:
1 0 1 0 1 1 0 0 1 1 1 1 0 0 0 1 0 1 0 0 0 1 1 0 0 1 

Offset:
15.0000
layout:
4 20 8 2 14 25 21 13 7 19 24 15 17 0 1 11 9 26 23 12 22 10 5 3 18 6 16 
Test:
4, 20, 8, 2, 14, 25, 21, 13, 7, 19, 24, 15, 17, 0, 1, 11, 9, 26, 23, 12, 22, 10, 5, 3, 18, 6, 16, 15.0000


optimal: 1644296.5000
sequence:
3 19 8 1 13 24 20 12 6 18 23 14 15 
0 10 7 25 22 11 21 9 4 2 17 5 16 
X:
86.5000 796.5000 2003.0000 86.5000 1810.5000 2444.0000 1810.5000 557.0000 557.0000 1608.5000 288.0000 1194.5000 1608.5000 987.0000 2444.0000 2719.0000 2719.0000 2192.0000 2003.0000 288.0000 1422.0000 1422.0000 987.0000 2192.0000 1194.5000 796.5000 
indexR:
1 0 1 0 1 1 0 1 0 1 1 1 0 0 0 0 1 1 0 0 0 1 1 0 0 1 

Offset:
15.0000
layout:
4 20 9 2 14 25 21 13 7 19 24 15 16 0 1 11 8 26 23 12 22 10 5 3 18 6 17 
Test:
4, 20, 9, 2, 14, 25, 21, 13, 7, 19, 24, 15, 16, 0, 1, 11, 8, 26, 23, 12, 22, 10, 5, 3, 18, 6, 17, 15.0000


optimal: 1644296.5000
sequence:
3 19 7 25 22 11 21 9 4 2 17 5 16 
0 10 8 1 13 24 20 12 6 18 23 14 15 
X:
86.5000 796.5000 2003.0000 86.5000 1810.5000 2444.0000 1810.5000 557.0000 557.0000 1608.5000 288.0000 1194.5000 1608.5000 987.0000 2444.0000 2719.0000 2719.0000 2192.0000 2003.0000 288.0000 1422.0000 1422.0000 987.0000 2192.0000 1194.5000 796.5000 
indexR:
1 1 0 0 0 0 1 0 1 0 1 0 1 1 1 1 0 0 1 0 1 0 0 1 1 0 

Offset:
15.0000
layout:
4 20 8 26 23 12 22 10 5 3 18 6 17 0 1 11 9 2 14 25 21 13 7 19 24 15 16 
Test:
4, 20, 8, 26, 23, 12, 22, 10, 5, 3, 18, 6, 17, 0, 1, 11, 9, 2, 14, 25, 21, 13, 7, 19, 24, 15, 16, 15.0000


optimal: 1644296.5000
sequence:
3 19 8 25 22 11 21 9 4 2 17 5 16 
0 10 7 1 13 24 20 12 6 18 23 14 15 
X:
86.5000 796.5000 2003.0000 86.5000 1810.5000 2444.0000 1810.5000 557.0000 557.0000 1608.5000 288.0000 1194.5000 1608.5000 987.0000 2444.0000 2719.0000 2719.0000 2192.0000 2003.0000 288.0000 1422.0000 1422.0000 987.0000 2192.0000 1194.5000 796.5000 
indexR:
1 1 0 0 0 0 1 1 0 0 1 0 1 1 1 1 0 0 1 0 1 0 0 1 1 0 

Offset:
15.0000
layout:
4 20 9 26 23 12 22 10 5 3 18 6 17 0 1 11 8 2 14 25 21 13 7 19 24 15 16 
Test:
4, 20, 9, 26, 23, 12, 22, 10, 5, 3, 18, 6, 17, 0, 1, 11, 8, 2, 14, 25, 21, 13, 7, 19, 24, 15, 16, 15.0000


optimal: 1644296.5000
sequence:
3 19 7 1 13 24 20 12 6 18 23 14 15 
0 10 8 25 22 11 21 9 4 2 17 5 16 
X:
86.5000 796.5000 2003.0000 86.5000 1810.5000 2444.0000 1810.5000 557.0000 557.0000 1608.5000 288.0000 1194.5000 1608.5000 987.0000 2444.0000 2719.0000 2719.0000 2192.0000 2003.0000 288.0000 1422.0000 1422.0000 987.0000 2192.0000 1194.5000 796.5000 
indexR:
1 0 1 0 1 1 0 0 1 1 1 1 0 0 0 0 1 1 0 0 0 1 1 0 0 1 

Offset:
15.0000
layout:
4 20 8 2 14 25 21 13 7 19 24 15 16 0 1 11 9 26 23 12 22 10 5 3 18 6 17 
Test:
4, 20, 8, 2, 14, 25, 21, 13, 7, 19, 24, 15, 16, 0, 1, 11, 9, 26, 23, 12, 22, 10, 5, 3, 18, 6, 17, 15.0000


optimal: 1644296.5000
sequence:
3 19 8 1 13 24 20 12 6 18 23 5 15 
0 10 7 25 22 11 21 9 4 2 17 14 16 
X:
86.5000 796.5000 2003.0000 86.5000 1810.5000 2444.0000 1810.5000 557.0000 557.0000 1608.5000 288.0000 1194.5000 1608.5000 987.0000 2444.0000 2719.0000 2719.0000 2192.0000 2003.0000 288.0000 1422.0000 1422.0000 987.0000 2192.0000 1194.5000 796.5000 
indexR:
1 0 1 0 1 0 0 1 0 1 1 1 0 0 1 0 1 1 0 0 0 1 1 0 0 1 

Offset:
15.0000
layout:
4 20 9 2 14 25 21 13 7 19 24 6 16 0 1 11 8 26 23 12 22 10 5 3 18 15 17 
Test:
4, 20, 9, 2, 14, 25, 21, 13, 7, 19, 24, 6, 16, 0, 1, 11, 8, 26, 23, 12, 22, 10, 5, 3, 18, 15, 17, 15.0000


optimal: 1644296.5000
sequence:
3 19 7 25 22 11 21 9 4 2 17 14 16 
0 10 8 1 13 24 20 12 6 18 23 5 15 
X:
86.5000 796.5000 2003.0000 86.5000 1810.5000 2444.0000 1810.5000 557.0000 557.0000 1608.5000 288.0000 1194.5000 1608.5000 987.0000 2444.0000 2719.0000 2719.0000 2192.0000 2003.0000 288.0000 1422.0000 1422.0000 987.0000 2192.0000 1194.5000 796.5000 
indexR:
1 1 0 0 0 1 1 0 1 0 1 0 1 1 0 1 0 0 1 0 1 0 0 1 1 0 

Offset:
15.0000
layout:
4 20 8 26 23 12 22 10 5 3 18 15 17 0 1 11 9 2 14 25 21 13 7 19 24 6 16 
Test:
4, 20, 8, 26, 23, 12, 22, 10, 5, 3, 18, 15, 17, 0, 1, 11, 9, 2, 14, 25, 21, 13, 7, 19, 24, 6, 16, 15.0000


optimal: 1644296.5000
sequence:
3 19 8 25 22 11 21 9 4 2 17 14 16 
0 10 7 1 13 24 20 12 6 18 23 5 15 
X:
86.5000 796.5000 2003.0000 86.5000 1810.5000 2444.0000 1810.5000 557.0000 557.0000 1608.5000 288.0000 1194.5000 1608.5000 987.0000 2444.0000 2719.0000 2719.0000 2192.0000 2003.0000 288.0000 1422.0000 1422.0000 987.0000 2192.0000 1194.5000 796.5000 
indexR:
1 1 0 0 0 1 1 1 0 0 1 0 1 1 0 1 0 0 1 0 1 0 0 1 1 0 

Offset:
15.0000
layout:
4 20 9 26 23 12 22 10 5 3 18 15 17 0 1 11 8 2 14 25 21 13 7 19 24 6 16 
Test:
4, 20, 9, 26, 23, 12, 22, 10, 5, 3, 18, 15, 17, 0, 1, 11, 8, 2, 14, 25, 21, 13, 7, 19, 24, 6, 16, 15.0000


optimal: 1644296.5000
sequence:
3 19 7 1 13 24 20 12 6 18 23 5 15 
0 10 8 25 22 11 21 9 4 2 17 14 16 
X:
86.5000 796.5000 2003.0000 86.5000 1810.5000 2444.0000 1810.5000 557.0000 557.0000 1608.5000 288.0000 1194.5000 1608.5000 987.0000 2444.0000 2719.0000 2719.0000 2192.0000 2003.0000 288.0000 1422.0000 1422.0000 987.0000 2192.0000 1194.5000 796.5000 
indexR:
1 0 1 0 1 0 0 0 1 1 1 1 0 0 1 0 1 1 0 0 0 1 1 0 0 1 

Offset:
15.0000
layout:
4 20 8 2 14 25 21 13 7 19 24 6 16 0 1 11 9 26 23 12 22 10 5 3 18 15 17 
Test:
4, 20, 8, 2, 14, 25, 21, 13, 7, 19, 24, 6, 16, 0, 1, 11, 9, 26, 23, 12, 22, 10, 5, 3, 18, 15, 17, 15.0000


optimal: 1644296.5000
sequence:
3 19 8 1 13 24 20 12 6 18 23 5 16 
0 10 7 25 22 11 21 9 4 2 17 14 15 
X:
86.5000 796.5000 2003.0000 86.5000 1810.5000 2444.0000 1810.5000 557.0000 557.0000 1608.5000 288.0000 1194.5000 1608.5000 987.0000 2444.0000 2719.0000 2719.0000 2192.0000 2003.0000 288.0000 1422.0000 1422.0000 987.0000 2192.0000 1194.5000 796.5000 
indexR:
1 0 1 0 1 0 0 1 0 1 1 1 0 0 1 1 0 1 0 0 0 1 1 0 0 1 

Offset:
15.0000
layout:
4 20 9 2 14 25 21 13 7 19 24 6 17 0 1 11 8 26 23 12 22 10 5 3 18 15 16 
Test:
4, 20, 9, 2, 14, 25, 21, 13, 7, 19, 24, 6, 17, 0, 1, 11, 8, 26, 23, 12, 22, 10, 5, 3, 18, 15, 16, 15.0000


optimal: 1644296.5000
sequence:
3 19 7 25 22 11 21 9 4 2 17 14 15 
0 10 8 1 13 24 20 12 6 18 23 5 16 
X:
86.5000 796.5000 2003.0000 86.5000 1810.5000 2444.0000 1810.5000 557.0000 557.0000 1608.5000 288.0000 1194.5000 1608.5000 987.0000 2444.0000 2719.0000 2719.0000 2192.0000 2003.0000 288.0000 1422.0000 1422.0000 987.0000 2192.0000 1194.5000 796.5000 
indexR:
1 1 0 0 0 1 1 0 1 0 1 0 1 1 0 0 1 0 1 0 1 0 0 1 1 0 

Offset:
15.0000
layout:
4 20 8 26 23 12 22 10 5 3 18 15 16 0 1 11 9 2 14 25 21 13 7 19 24 6 17 
Test:
4, 20, 8, 26, 23, 12, 22, 10, 5, 3, 18, 15, 16, 0, 1, 11, 9, 2, 14, 25, 21, 13, 7, 19, 24, 6, 17, 15.0000


optimal: 1644296.5000
sequence:
3 19 8 25 22 11 21 9 4 2 17 14 15 
0 10 7 1 13 24 20 12 6 18 23 5 16 
X:
86.5000 796.5000 2003.0000 86.5000 1810.5000 2444.0000 1810.5000 557.0000 557.0000 1608.5000 288.0000 1194.5000 1608.5000 987.0000 2444.0000 2719.0000 2719.0000 2192.0000 2003.0000 288.0000 1422.0000 1422.0000 987.0000 2192.0000 1194.5000 796.5000 
indexR:
1 1 0 0 0 1 1 1 0 0 1 0 1 1 0 0 1 0 1 0 1 0 0 1 1 0 

Offset:
15.0000
layout:
4 20 9 26 23 12 22 10 5 3 18 15 16 0 1 11 8 2 14 25 21 13 7 19 24 6 17 
Test:
4, 20, 9, 26, 23, 12, 22, 10, 5, 3, 18, 15, 16, 0, 1, 11, 8, 2, 14, 25, 21, 13, 7, 19, 24, 6, 17, 15.0000


optimal: 1644296.5000
sequence:
3 19 7 1 13 24 20 12 6 18 23 5 16 
0 10 8 25 22 11 21 9 4 2 17 14 15 
X:
86.5000 796.5000 2003.0000 86.5000 1810.5000 2444.0000 1810.5000 557.0000 557.0000 1608.5000 288.0000 1194.5000 1608.5000 987.0000 2444.0000 2719.0000 2719.0000 2192.0000 2003.0000 288.0000 1422.0000 1422.0000 987.0000 2192.0000 1194.5000 796.5000 
indexR:
1 0 1 0 1 0 0 0 1 1 1 1 0 0 1 1 0 1 0 0 0 1 1 0 0 1 

Offset:
15.0000
layout:
4 20 8 2 14 25 21 13 7 19 24 6 17 0 1 11 9 26 23 12 22 10 5 3 18 15 16 
Test:
4, 20, 8, 2, 14, 25, 21, 13, 7, 19, 24, 6, 17, 0, 1, 11, 9, 26, 23, 12, 22, 10, 5, 3, 18, 15, 16, 15.0000


