optimal: 1142035.5000
sequence:
1 12 7 16 0 2 14 8 17 
6 15 11 5 3 10 9 4 13 
X:
954.0000 99.5000 1137.5000 954.0000 1566.5000 754.5000 99.5000 519.0000 1566.5000 1371.0000 1137.5000 519.0000 302.5000 1790.5000 1371.0000 302.5000 754.5000 1790.5000 
indexR:
0 0 0 1 1 1 1 0 0 1 1 1 0 1 0 1 0 0 

Offset:
21.5000
layout:
2 13 8 17 1 3 15 9 18 0 7 16 12 6 4 11 10 5 14 
Test:
2, 13, 8, 17, 1, 3, 15, 9, 18, 0, 7, 16, 12, 6, 4, 11, 10, 5, 14, 21.5000


optimal: 1142035.5000
sequence:
1 12 7 16 0 2 9 4 13 
6 15 11 5 3 10 14 8 17 
X:
954.0000 99.5000 1137.5000 954.0000 1566.5000 754.5000 99.5000 519.0000 1566.5000 1371.0000 1137.5000 519.0000 302.5000 1790.5000 1371.0000 302.5000 754.5000 1790.5000 
indexR:
0 0 0 1 0 1 1 0 1 0 1 1 0 0 1 1 0 1 

Offset:
21.5000
layout:
2 13 8 17 1 3 10 5 14 0 7 16 12 6 4 11 15 9 18 
Test:
2, 13, 8, 17, 1, 3, 10, 5, 14, 0, 7, 16, 12, 6, 4, 11, 15, 9, 18, 21.5000


optimal: 1142035.5000
sequence:
1 12 7 5 3 10 9 4 13 
6 15 11 16 0 2 14 8 17 
X:
954.0000 99.5000 1137.5000 954.0000 1566.5000 754.5000 99.5000 519.0000 1566.5000 1371.0000 1137.5000 519.0000 302.5000 1790.5000 1371.0000 302.5000 754.5000 1790.5000 
indexR:
1 0 1 0 0 0 1 0 1 0 0 1 0 0 1 1 1 1 

Offset:
21.5000
layout:
2 13 8 6 4 11 10 5 14 0 7 16 12 17 1 3 15 9 18 
Test:
2, 13, 8, 6, 4, 11, 10, 5, 14, 0, 7, 16, 12, 17, 1, 3, 15, 9, 18, 21.5000


optimal: 1142035.5000
sequence:
1 12 7 5 3 10 14 8 17 
6 15 11 16 0 2 9 4 13 
X:
954.0000 99.5000 1137.5000 954.0000 1566.5000 754.5000 99.5000 519.0000 1566.5000 1371.0000 1137.5000 519.0000 302.5000 1790.5000 1371.0000 302.5000 754.5000 1790.5000 
indexR:
1 0 1 0 1 0 1 0 0 1 0 1 0 1 0 1 1 0 

Offset:
21.5000
layout:
2 13 8 6 4 11 15 9 18 0 7 16 12 17 1 3 10 5 14 
Test:
2, 13, 8, 6, 4, 11, 15, 9, 18, 0, 7, 16, 12, 17, 1, 3, 10, 5, 14, 21.5000


optimal: 1142035.5000
sequence:
1 12 11 5 3 10 9 4 13 
6 15 7 16 0 2 14 8 17 
X:
954.0000 99.5000 1137.5000 954.0000 1566.5000 754.5000 99.5000 519.0000 1566.5000 1371.0000 1137.5000 519.0000 302.5000 1790.5000 1371.0000 302.5000 754.5000 1790.5000 
indexR:
1 0 1 0 0 0 1 1 1 0 0 0 0 0 1 1 1 1 

Offset:
21.5000
layout:
2 13 12 6 4 11 10 5 14 0 7 16 8 17 1 3 15 9 18 
Test:
2, 13, 12, 6, 4, 11, 10, 5, 14, 0, 7, 16, 8, 17, 1, 3, 15, 9, 18, 21.5000


optimal: 1142035.5000
sequence:
1 12 11 5 3 10 14 8 17 
6 15 7 16 0 2 9 4 13 
X:
954.0000 99.5000 1137.5000 954.0000 1566.5000 754.5000 99.5000 519.0000 1566.5000 1371.0000 1137.5000 519.0000 302.5000 1790.5000 1371.0000 302.5000 754.5000 1790.5000 
indexR:
1 0 1 0 1 0 1 1 0 1 0 0 0 1 0 1 1 0 

Offset:
21.5000
layout:
2 13 12 6 4 11 15 9 18 0 7 16 8 17 1 3 10 5 14 
Test:
2, 13, 12, 6, 4, 11, 15, 9, 18, 0, 7, 16, 8, 17, 1, 3, 10, 5, 14, 21.5000


optimal: 1142035.5000
sequence:
1 12 11 16 0 2 14 8 17 
6 15 7 5 3 10 9 4 13 
X:
954.0000 99.5000 1137.5000 954.0000 1566.5000 754.5000 99.5000 519.0000 1566.5000 1371.0000 1137.5000 519.0000 302.5000 1790.5000 1371.0000 302.5000 754.5000 1790.5000 
indexR:
0 0 0 1 1 1 1 1 0 1 1 0 0 1 0 1 0 0 

Offset:
21.5000
layout:
2 13 12 17 1 3 15 9 18 0 7 16 8 6 4 11 10 5 14 
Test:
2, 13, 12, 17, 1, 3, 15, 9, 18, 0, 7, 16, 8, 6, 4, 11, 10, 5, 14, 21.5000


optimal: 1142035.5000
sequence:
1 12 11 16 0 2 9 4 13 
6 15 7 5 3 10 14 8 17 
X:
954.0000 99.5000 1137.5000 954.0000 1566.5000 754.5000 99.5000 519.0000 1566.5000 1371.0000 1137.5000 519.0000 302.5000 1790.5000 1371.0000 302.5000 754.5000 1790.5000 
indexR:
0 0 0 1 0 1 1 1 1 0 1 0 0 0 1 1 0 1 

Offset:
21.5000
layout:
2 13 12 17 1 3 10 5 14 0 7 16 8 6 4 11 15 9 18 
Test:
2, 13, 12, 17, 1, 3, 10, 5, 14, 0, 7, 16, 8, 6, 4, 11, 15, 9, 18, 21.5000


optimal: 1142035.5000
sequence:
1 12 7 16 0 2 14 8 13 
6 15 11 5 3 10 9 4 17 
X:
954.0000 99.5000 1137.5000 954.0000 1566.5000 754.5000 99.5000 519.0000 1566.5000 1371.0000 1137.5000 519.0000 302.5000 1790.5000 1371.0000 302.5000 754.5000 1790.5000 
indexR:
0 0 0 1 1 1 1 0 0 1 1 1 0 0 0 1 0 1 

Offset:
21.5000
layout:
2 13 8 17 1 3 15 9 14 0 7 16 12 6 4 11 10 5 18 
Test:
2, 13, 8, 17, 1, 3, 15, 9, 14, 0, 7, 16, 12, 6, 4, 11, 10, 5, 18, 21.5000


optimal: 1142035.5000
sequence:
1 12 7 16 0 2 9 4 17 
6 15 11 5 3 10 14 8 13 
X:
954.0000 99.5000 1137.5000 954.0000 1566.5000 754.5000 99.5000 519.0000 1566.5000 1371.0000 1137.5000 519.0000 302.5000 1790.5000 1371.0000 302.5000 754.5000 1790.5000 
indexR:
0 0 0 1 0 1 1 0 1 0 1 1 0 1 1 1 0 0 

Offset:
21.5000
layout:
2 13 8 17 1 3 10 5 18 0 7 16 12 6 4 11 15 9 14 
Test:
2, 13, 8, 17, 1, 3, 10, 5, 18, 0, 7, 16, 12, 6, 4, 11, 15, 9, 14, 21.5000


optimal: 1142035.5000
sequence:
1 12 7 5 3 10 9 4 17 
6 15 11 16 0 2 14 8 13 
X:
954.0000 99.5000 1137.5000 954.0000 1566.5000 754.5000 99.5000 519.0000 1566.5000 1371.0000 1137.5000 519.0000 302.5000 1790.5000 1371.0000 302.5000 754.5000 1790.5000 
indexR:
1 0 1 0 0 0 1 0 1 0 0 1 0 1 1 1 1 0 

Offset:
21.5000
layout:
2 13 8 6 4 11 10 5 18 0 7 16 12 17 1 3 15 9 14 
Test:
2, 13, 8, 6, 4, 11, 10, 5, 18, 0, 7, 16, 12, 17, 1, 3, 15, 9, 14, 21.5000


optimal: 1142035.5000
sequence:
1 12 7 5 3 10 14 8 13 
6 15 11 16 0 2 9 4 17 
X:
954.0000 99.5000 1137.5000 954.0000 1566.5000 754.5000 99.5000 519.0000 1566.5000 1371.0000 1137.5000 519.0000 302.5000 1790.5000 1371.0000 302.5000 754.5000 1790.5000 
indexR:
1 0 1 0 1 0 1 0 0 1 0 1 0 0 0 1 1 1 

Offset:
21.5000
layout:
2 13 8 6 4 11 15 9 14 0 7 16 12 17 1 3 10 5 18 
Test:
2, 13, 8, 6, 4, 11, 15, 9, 14, 0, 7, 16, 12, 17, 1, 3, 10, 5, 18, 21.5000


optimal: 1142035.5000
sequence:
1 12 11 5 3 10 9 4 17 
6 15 7 16 0 2 14 8 13 
X:
954.0000 99.5000 1137.5000 954.0000 1566.5000 754.5000 99.5000 519.0000 1566.5000 1371.0000 1137.5000 519.0000 302.5000 1790.5000 1371.0000 302.5000 754.5000 1790.5000 
indexR:
1 0 1 0 0 0 1 1 1 0 0 0 0 1 1 1 1 0 

Offset:
21.5000
layout:
2 13 12 6 4 11 10 5 18 0 7 16 8 17 1 3 15 9 14 
Test:
2, 13, 12, 6, 4, 11, 10, 5, 18, 0, 7, 16, 8, 17, 1, 3, 15, 9, 14, 21.5000


optimal: 1142035.5000
sequence:
1 12 11 5 3 10 14 8 13 
6 15 7 16 0 2 9 4 17 
X:
954.0000 99.5000 1137.5000 954.0000 1566.5000 754.5000 99.5000 519.0000 1566.5000 1371.0000 1137.5000 519.0000 302.5000 1790.5000 1371.0000 302.5000 754.5000 1790.5000 
indexR:
1 0 1 0 1 0 1 1 0 1 0 0 0 0 0 1 1 1 

Offset:
21.5000
layout:
2 13 12 6 4 11 15 9 14 0 7 16 8 17 1 3 10 5 18 
Test:
2, 13, 12, 6, 4, 11, 15, 9, 14, 0, 7, 16, 8, 17, 1, 3, 10, 5, 18, 21.5000


optimal: 1142035.5000
sequence:
1 12 11 16 0 2 14 8 13 
6 15 7 5 3 10 9 4 17 
X:
954.0000 99.5000 1137.5000 954.0000 1566.5000 754.5000 99.5000 519.0000 1566.5000 1371.0000 1137.5000 519.0000 302.5000 1790.5000 1371.0000 302.5000 754.5000 1790.5000 
indexR:
0 0 0 1 1 1 1 1 0 1 1 0 0 0 0 1 0 1 

Offset:
21.5000
layout:
2 13 12 17 1 3 15 9 14 0 7 16 8 6 4 11 10 5 18 
Test:
2, 13, 12, 17, 1, 3, 15, 9, 14, 0, 7, 16, 8, 6, 4, 11, 10, 5, 18, 21.5000


optimal: 1142035.5000
sequence:
1 12 11 16 0 2 9 4 17 
6 15 7 5 3 10 14 8 13 
X:
954.0000 99.5000 1137.5000 954.0000 1566.5000 754.5000 99.5000 519.0000 1566.5000 1371.0000 1137.5000 519.0000 302.5000 1790.5000 1371.0000 302.5000 754.5000 1790.5000 
indexR:
0 0 0 1 0 1 1 1 1 0 1 0 0 1 1 1 0 0 

Offset:
21.5000
layout:
2 13 12 17 1 3 10 5 18 0 7 16 8 6 4 11 15 9 14 
Test:
2, 13, 12, 17, 1, 3, 10, 5, 18, 0, 7, 16, 8, 6, 4, 11, 15, 9, 14, 21.5000


