optimal: 401902.0000
sequence:
2 6 4 5 
3 7 1 0 
X:
668.5000 483.5000 82.0000 82.0000 483.5000 668.5000 299.0000 299.0000 
indexR:
1 1 0 1 0 0 0 1 

Offset:
20.0000
layout:
3 7 5 6 0 4 8 2 1 
Test:
3, 7, 5, 6, 0, 4, 8, 2, 1, 20.0000


optimal: 401902.0000
sequence:
2 7 1 0 
3 6 4 5 
X:
668.5000 483.5000 82.0000 82.0000 483.5000 668.5000 299.0000 299.0000 
indexR:
0 0 0 1 1 1 1 0 

Offset:
20.0000
layout:
3 8 2 1 0 4 7 5 6 
Test:
3, 8, 2, 1, 0, 4, 7, 5, 6, 20.0000


