optimal: 434361.5000
sequence:
7 0 3 6 
4 2 5 1 
X:
239.0000 710.5000 239.0000 467.0000 72.5000 467.0000 710.5000 72.5000 
indexR:
0 1 1 0 1 1 0 0 

Offset:
2.5000
layout:
8 1 4 7 0 5 3 6 2 
Test:
8, 1, 4, 7, 0, 5, 3, 6, 2, 2.5000


optimal: 434361.5000
sequence:
7 0 3 1 
4 2 5 6 
X:
239.0000 710.5000 239.0000 467.0000 72.5000 467.0000 710.5000 72.5000 
indexR:
0 0 1 0 1 1 1 0 

Offset:
2.5000
layout:
8 1 4 2 0 5 3 6 7 
Test:
8, 1, 4, 2, 0, 5, 3, 6, 7, 2.5000


optimal: 434361.5000
sequence:
7 0 5 1 
4 2 3 6 
X:
239.0000 710.5000 239.0000 467.0000 72.5000 467.0000 710.5000 72.5000 
indexR:
0 0 1 1 1 0 1 0 

Offset:
2.5000
layout:
8 1 6 2 0 5 3 4 7 
Test:
8, 1, 6, 2, 0, 5, 3, 4, 7, 2.5000


optimal: 434361.5000
sequence:
7 0 5 6 
4 2 3 1 
X:
239.0000 710.5000 239.0000 467.0000 72.5000 467.0000 710.5000 72.5000 
indexR:
0 1 1 1 1 0 0 0 

Offset:
2.5000
layout:
8 1 6 7 0 5 3 4 2 
Test:
8, 1, 6, 7, 0, 5, 3, 4, 2, 2.5000


