optimal: 723479.0000
sequence:
3 4 1 10 8 0 
7 5 6 11 2 9 
X:
1170.0000 538.5000 939.5000 70.0000 304.0000 304.0000 538.5000 70.0000 939.5000 1170.0000 725.0000 725.0000 
indexR:
0 0 1 0 0 1 1 1 0 1 0 1 

Offset:
9.5000
layout:
4 5 2 11 9 1 0 8 6 7 12 3 10 
Test:
4, 5, 2, 11, 9, 1, 0, 8, 6, 7, 12, 3, 10, 9.5000


optimal: 723479.0000
sequence:
3 4 6 11 2 9 
7 5 1 10 8 0 
X:
1170.0000 538.5000 939.5000 70.0000 304.0000 304.0000 538.5000 70.0000 939.5000 1170.0000 725.0000 725.0000 
indexR:
1 1 0 0 0 1 0 1 1 0 1 0 

Offset:
9.5000
layout:
4 5 7 12 3 10 0 8 6 2 11 9 1 
Test:
4, 5, 7, 12, 3, 10, 0, 8, 6, 2, 11, 9, 1, 9.5000


optimal: 723479.0000
sequence:
3 4 1 10 8 9 
7 5 6 11 2 0 
X:
1170.0000 538.5000 939.5000 70.0000 304.0000 304.0000 538.5000 70.0000 939.5000 1170.0000 725.0000 725.0000 
indexR:
1 0 1 0 0 1 1 1 0 0 0 1 

Offset:
9.5000
layout:
4 5 2 11 9 10 0 8 6 7 12 3 1 
Test:
4, 5, 2, 11, 9, 10, 0, 8, 6, 7, 12, 3, 1, 9.5000


optimal: 723479.0000
sequence:
3 4 6 11 2 0 
7 5 1 10 8 9 
X:
1170.0000 538.5000 939.5000 70.0000 304.0000 304.0000 538.5000 70.0000 939.5000 1170.0000 725.0000 725.0000 
indexR:
0 1 0 0 0 1 0 1 1 1 1 0 

Offset:
9.5000
layout:
4 5 7 12 3 1 0 8 6 2 11 9 10 
Test:
4, 5, 7, 12, 3, 1, 0, 8, 6, 2, 11, 9, 10, 9.5000


optimal: 723479.0000
sequence:
3 5 6 11 2 9 
7 4 1 10 8 0 
X:
1170.0000 538.5000 939.5000 70.0000 304.0000 304.0000 538.5000 70.0000 939.5000 1170.0000 725.0000 725.0000 
indexR:
1 1 0 0 1 0 0 1 1 0 1 0 

Offset:
9.5000
layout:
4 6 7 12 3 10 0 8 5 2 11 9 1 
Test:
4, 6, 7, 12, 3, 10, 0, 8, 5, 2, 11, 9, 1, 9.5000


optimal: 723479.0000
sequence:
3 5 1 10 8 0 
7 4 6 11 2 9 
X:
1170.0000 538.5000 939.5000 70.0000 304.0000 304.0000 538.5000 70.0000 939.5000 1170.0000 725.0000 725.0000 
indexR:
0 0 1 0 1 0 1 1 0 1 0 1 

Offset:
9.5000
layout:
4 6 2 11 9 1 0 8 5 7 12 3 10 
Test:
4, 6, 2, 11, 9, 1, 0, 8, 5, 7, 12, 3, 10, 9.5000


optimal: 723479.0000
sequence:
3 5 6 11 2 0 
7 4 1 10 8 9 
X:
1170.0000 538.5000 939.5000 70.0000 304.0000 304.0000 538.5000 70.0000 939.5000 1170.0000 725.0000 725.0000 
indexR:
0 1 0 0 1 0 0 1 1 1 1 0 

Offset:
9.5000
layout:
4 6 7 12 3 1 0 8 5 2 11 9 10 
Test:
4, 6, 7, 12, 3, 1, 0, 8, 5, 2, 11, 9, 10, 9.5000


optimal: 723479.0000
sequence:
3 5 1 10 8 9 
7 4 6 11 2 0 
X:
1170.0000 538.5000 939.5000 70.0000 304.0000 304.0000 538.5000 70.0000 939.5000 1170.0000 725.0000 725.0000 
indexR:
1 0 1 0 1 0 1 1 0 0 0 1 

Offset:
9.5000
layout:
4 6 2 11 9 10 0 8 5 7 12 3 1 
Test:
4, 6, 2, 11, 9, 10, 0, 8, 5, 7, 12, 3, 1, 9.5000


