optimal: 1115813.0000
sequence:
4 13 5 14 8 18 16 12 2 10 
11 9 1 0 6 17 7 15 19 3 
X:
638.0000 460.0000 1664.5000 1885.5000 75.5000 460.0000 823.0000 1211.5000 823.0000 295.5000 1885.5000 75.5000 1477.0000 295.5000 638.0000 1477.0000 1211.5000 1030.0000 1030.0000 1664.5000 
indexR:
1 1 0 1 0 0 1 1 0 1 0 1 0 0 0 1 0 1 0 1 

Offset:
19.0000
layout:
5 14 6 15 9 19 17 13 3 11 0 12 10 2 1 7 18 8 16 20 4 
Test:
5, 14, 6, 15, 9, 19, 17, 13, 3, 11, 0, 12, 10, 2, 1, 7, 18, 8, 16, 20, 4, 19.0000


optimal: 1115813.0000
sequence:
4 13 5 14 8 17 7 15 19 3 
11 9 1 0 6 18 16 12 2 10 
X:
638.0000 460.0000 1664.5000 1885.5000 75.5000 460.0000 823.0000 1211.5000 823.0000 295.5000 1885.5000 75.5000 1477.0000 295.5000 638.0000 1477.0000 1211.5000 1030.0000 1030.0000 1664.5000 
indexR:
1 1 1 0 0 0 1 0 0 1 1 1 1 0 0 0 1 0 1 0 

Offset:
19.0000
layout:
5 14 6 15 9 18 8 16 20 4 0 12 10 2 1 7 19 17 13 3 11 
Test:
5, 14, 6, 15, 9, 18, 8, 16, 20, 4, 0, 12, 10, 2, 1, 7, 19, 17, 13, 3, 11, 19.0000


optimal: 1115813.0000
sequence:
4 9 1 0 6 17 7 15 19 3 
11 13 5 14 8 18 16 12 2 10 
X:
638.0000 460.0000 1664.5000 1885.5000 75.5000 460.0000 823.0000 1211.5000 823.0000 295.5000 1885.5000 75.5000 1477.0000 295.5000 638.0000 1477.0000 1211.5000 1030.0000 1030.0000 1664.5000 
indexR:
0 0 1 0 0 1 0 0 1 0 1 1 1 1 1 0 1 0 1 0 

Offset:
19.0000
layout:
5 10 2 1 7 18 8 16 20 4 0 12 14 6 15 9 19 17 13 3 11 
Test:
5, 10, 2, 1, 7, 18, 8, 16, 20, 4, 0, 12, 14, 6, 15, 9, 19, 17, 13, 3, 11, 19.0000


optimal: 1115813.0000
sequence:
4 9 1 0 6 18 16 12 2 10 
11 13 5 14 8 17 7 15 19 3 
X:
638.0000 460.0000 1664.5000 1885.5000 75.5000 460.0000 823.0000 1211.5000 823.0000 295.5000 1885.5000 75.5000 1477.0000 295.5000 638.0000 1477.0000 1211.5000 1030.0000 1030.0000 1664.5000 
indexR:
0 0 0 1 0 1 0 1 1 0 0 1 0 1 1 1 0 1 0 1 

Offset:
19.0000
layout:
5 10 2 1 7 19 17 13 3 11 0 12 14 6 15 9 18 8 16 20 4 
Test:
5, 10, 2, 1, 7, 19, 17, 13, 3, 11, 0, 12, 14, 6, 15, 9, 18, 8, 16, 20, 4, 19.0000


optimal: 1115813.0000
sequence:
4 13 5 14 8 18 16 15 19 3 
11 9 1 0 6 17 7 12 2 10 
X:
638.0000 460.0000 1664.5000 1885.5000 75.5000 460.0000 823.0000 1211.5000 823.0000 295.5000 1885.5000 75.5000 1477.0000 295.5000 638.0000 1477.0000 1211.5000 1030.0000 1030.0000 1664.5000 
indexR:
1 1 1 0 0 0 1 1 0 1 1 1 1 0 0 0 0 1 0 0 

Offset:
19.0000
layout:
5 14 6 15 9 19 17 16 20 4 0 12 10 2 1 7 18 8 13 3 11 
Test:
5, 14, 6, 15, 9, 19, 17, 16, 20, 4, 0, 12, 10, 2, 1, 7, 18, 8, 13, 3, 11, 19.0000


optimal: 1115813.0000
sequence:
4 13 5 14 8 17 7 12 2 10 
11 9 1 0 6 18 16 15 19 3 
X:
638.0000 460.0000 1664.5000 1885.5000 75.5000 460.0000 823.0000 1211.5000 823.0000 295.5000 1885.5000 75.5000 1477.0000 295.5000 638.0000 1477.0000 1211.5000 1030.0000 1030.0000 1664.5000 
indexR:
1 1 0 1 0 0 1 0 0 1 0 1 0 0 0 1 1 0 1 1 

Offset:
19.0000
layout:
5 14 6 15 9 18 8 13 3 11 0 12 10 2 1 7 19 17 16 20 4 
Test:
5, 14, 6, 15, 9, 18, 8, 13, 3, 11, 0, 12, 10, 2, 1, 7, 19, 17, 16, 20, 4, 19.0000


optimal: 1115813.0000
sequence:
4 9 1 0 6 17 7 12 2 10 
11 13 5 14 8 18 16 15 19 3 
X:
638.0000 460.0000 1664.5000 1885.5000 75.5000 460.0000 823.0000 1211.5000 823.0000 295.5000 1885.5000 75.5000 1477.0000 295.5000 638.0000 1477.0000 1211.5000 1030.0000 1030.0000 1664.5000 
indexR:
0 0 0 1 0 1 0 0 1 0 0 1 0 1 1 1 1 0 1 1 

Offset:
19.0000
layout:
5 10 2 1 7 18 8 13 3 11 0 12 14 6 15 9 19 17 16 20 4 
Test:
5, 10, 2, 1, 7, 18, 8, 13, 3, 11, 0, 12, 14, 6, 15, 9, 19, 17, 16, 20, 4, 19.0000


optimal: 1115813.0000
sequence:
4 9 1 0 6 18 16 15 19 3 
11 13 5 14 8 17 7 12 2 10 
X:
638.0000 460.0000 1664.5000 1885.5000 75.5000 460.0000 823.0000 1211.5000 823.0000 295.5000 1885.5000 75.5000 1477.0000 295.5000 638.0000 1477.0000 1211.5000 1030.0000 1030.0000 1664.5000 
indexR:
0 0 1 0 0 1 0 1 1 0 1 1 1 1 1 0 0 1 0 0 

Offset:
19.0000
layout:
5 10 2 1 7 19 17 16 20 4 0 12 14 6 15 9 18 8 13 3 11 
Test:
5, 10, 2, 1, 7, 19, 17, 16, 20, 4, 0, 12, 14, 6, 15, 9, 18, 8, 13, 3, 11, 19.0000


optimal: 1115813.0000
sequence:
4 13 5 14 8 18 16 12 2 3 
11 9 1 0 6 17 7 15 19 10 
X:
638.0000 460.0000 1664.5000 1885.5000 75.5000 460.0000 823.0000 1211.5000 823.0000 295.5000 1885.5000 75.5000 1477.0000 295.5000 638.0000 1477.0000 1211.5000 1030.0000 1030.0000 1664.5000 
indexR:
1 1 0 0 0 0 1 1 0 1 1 1 0 0 0 1 0 1 0 1 

Offset:
19.0000
layout:
5 14 6 15 9 19 17 13 3 4 0 12 10 2 1 7 18 8 16 20 11 
Test:
5, 14, 6, 15, 9, 19, 17, 13, 3, 4, 0, 12, 10, 2, 1, 7, 18, 8, 16, 20, 11, 19.0000


optimal: 1115813.0000
sequence:
4 13 5 14 8 17 7 15 19 10 
11 9 1 0 6 18 16 12 2 3 
X:
638.0000 460.0000 1664.5000 1885.5000 75.5000 460.0000 823.0000 1211.5000 823.0000 295.5000 1885.5000 75.5000 1477.0000 295.5000 638.0000 1477.0000 1211.5000 1030.0000 1030.0000 1664.5000 
indexR:
1 1 1 1 0 0 1 0 0 1 0 1 1 0 0 0 1 0 1 0 

Offset:
19.0000
layout:
5 14 6 15 9 18 8 16 20 11 0 12 10 2 1 7 19 17 13 3 4 
Test:
5, 14, 6, 15, 9, 18, 8, 16, 20, 11, 0, 12, 10, 2, 1, 7, 19, 17, 13, 3, 4, 19.0000


optimal: 1115813.0000
sequence:
4 9 1 0 6 17 7 15 19 10 
11 13 5 14 8 18 16 12 2 3 
X:
638.0000 460.0000 1664.5000 1885.5000 75.5000 460.0000 823.0000 1211.5000 823.0000 295.5000 1885.5000 75.5000 1477.0000 295.5000 638.0000 1477.0000 1211.5000 1030.0000 1030.0000 1664.5000 
indexR:
0 0 1 1 0 1 0 0 1 0 0 1 1 1 1 0 1 0 1 0 

Offset:
19.0000
layout:
5 10 2 1 7 18 8 16 20 11 0 12 14 6 15 9 19 17 13 3 4 
Test:
5, 10, 2, 1, 7, 18, 8, 16, 20, 11, 0, 12, 14, 6, 15, 9, 19, 17, 13, 3, 4, 19.0000


optimal: 1115813.0000
sequence:
4 9 1 0 6 18 16 12 2 3 
11 13 5 14 8 17 7 15 19 10 
X:
638.0000 460.0000 1664.5000 1885.5000 75.5000 460.0000 823.0000 1211.5000 823.0000 295.5000 1885.5000 75.5000 1477.0000 295.5000 638.0000 1477.0000 1211.5000 1030.0000 1030.0000 1664.5000 
indexR:
0 0 0 0 0 1 0 1 1 0 1 1 0 1 1 1 0 1 0 1 

Offset:
19.0000
layout:
5 10 2 1 7 19 17 13 3 4 0 12 14 6 15 9 18 8 16 20 11 
Test:
5, 10, 2, 1, 7, 19, 17, 13, 3, 4, 0, 12, 14, 6, 15, 9, 18, 8, 16, 20, 11, 19.0000


optimal: 1115813.0000
sequence:
4 13 5 14 8 18 16 15 19 10 
11 9 1 0 6 17 7 12 2 3 
X:
638.0000 460.0000 1664.5000 1885.5000 75.5000 460.0000 823.0000 1211.5000 823.0000 295.5000 1885.5000 75.5000 1477.0000 295.5000 638.0000 1477.0000 1211.5000 1030.0000 1030.0000 1664.5000 
indexR:
1 1 1 1 0 0 1 1 0 1 0 1 1 0 0 0 0 1 0 0 

Offset:
19.0000
layout:
5 14 6 15 9 19 17 16 20 11 0 12 10 2 1 7 18 8 13 3 4 
Test:
5, 14, 6, 15, 9, 19, 17, 16, 20, 11, 0, 12, 10, 2, 1, 7, 18, 8, 13, 3, 4, 19.0000


optimal: 1115813.0000
sequence:
4 13 5 14 8 17 7 12 2 3 
11 9 1 0 6 18 16 15 19 10 
X:
638.0000 460.0000 1664.5000 1885.5000 75.5000 460.0000 823.0000 1211.5000 823.0000 295.5000 1885.5000 75.5000 1477.0000 295.5000 638.0000 1477.0000 1211.5000 1030.0000 1030.0000 1664.5000 
indexR:
1 1 0 0 0 0 1 0 0 1 1 1 0 0 0 1 1 0 1 1 

Offset:
19.0000
layout:
5 14 6 15 9 18 8 13 3 4 0 12 10 2 1 7 19 17 16 20 11 
Test:
5, 14, 6, 15, 9, 18, 8, 13, 3, 4, 0, 12, 10, 2, 1, 7, 19, 17, 16, 20, 11, 19.0000


optimal: 1115813.0000
sequence:
4 9 1 0 6 17 7 12 2 3 
11 13 5 14 8 18 16 15 19 10 
X:
638.0000 460.0000 1664.5000 1885.5000 75.5000 460.0000 823.0000 1211.5000 823.0000 295.5000 1885.5000 75.5000 1477.0000 295.5000 638.0000 1477.0000 1211.5000 1030.0000 1030.0000 1664.5000 
indexR:
0 0 0 0 0 1 0 0 1 0 1 1 0 1 1 1 1 0 1 1 

Offset:
19.0000
layout:
5 10 2 1 7 18 8 13 3 4 0 12 14 6 15 9 19 17 16 20 11 
Test:
5, 10, 2, 1, 7, 18, 8, 13, 3, 4, 0, 12, 14, 6, 15, 9, 19, 17, 16, 20, 11, 19.0000


optimal: 1115813.0000
sequence:
4 9 1 0 6 18 16 15 19 10 
11 13 5 14 8 17 7 12 2 3 
X:
638.0000 460.0000 1664.5000 1885.5000 75.5000 460.0000 823.0000 1211.5000 823.0000 295.5000 1885.5000 75.5000 1477.0000 295.5000 638.0000 1477.0000 1211.5000 1030.0000 1030.0000 1664.5000 
indexR:
0 0 1 1 0 1 0 1 1 0 0 1 1 1 1 0 0 1 0 0 

Offset:
19.0000
layout:
5 10 2 1 7 19 17 16 20 11 0 12 14 6 15 9 18 8 13 3 4 
Test:
5, 10, 2, 1, 7, 19, 17, 16, 20, 11, 0, 12, 14, 6, 15, 9, 18, 8, 13, 3, 4, 19.0000


