optimal: 1046504.0000
sequence:
2 8 13 15 14 5 12 1 
0 4 7 3 11 10 9 6 
X:
79.5000 1571.0000 79.5000 728.0000 322.5000 1158.0000 1571.0000 528.0000 322.5000 1342.5000 1158.0000 953.5000 1342.5000 528.0000 953.5000 728.0000 
indexR:
1 0 0 1 1 0 1 1 0 1 1 1 0 0 0 0 

Offset:
1.5000
layout:
3 9 14 16 15 6 13 2 0 1 5 8 4 12 11 10 7 
Test:
3, 9, 14, 16, 15, 6, 13, 2, 0, 1, 5, 8, 4, 12, 11, 10, 7, 1.5000


optimal: 1046504.0000
sequence:
2 8 13 15 14 5 12 6 
0 4 7 3 11 10 9 1 
X:
79.5000 1571.0000 79.5000 728.0000 322.5000 1158.0000 1571.0000 528.0000 322.5000 1342.5000 1158.0000 953.5000 1342.5000 528.0000 953.5000 728.0000 
indexR:
1 1 0 1 1 0 0 1 0 1 1 1 0 0 0 0 

Offset:
1.5000
layout:
3 9 14 16 15 6 13 7 0 1 5 8 4 12 11 10 2 
Test:
3, 9, 14, 16, 15, 6, 13, 7, 0, 1, 5, 8, 4, 12, 11, 10, 2, 1.5000


optimal: 1046504.0000
sequence:
2 4 7 3 11 10 9 6 
0 8 13 15 14 5 12 1 
X:
79.5000 1571.0000 79.5000 728.0000 322.5000 1158.0000 1571.0000 528.0000 322.5000 1342.5000 1158.0000 953.5000 1342.5000 528.0000 953.5000 728.0000 
indexR:
1 1 0 0 0 1 0 0 1 0 0 0 1 1 1 1 

Offset:
1.5000
layout:
3 5 8 4 12 11 10 7 0 1 9 14 16 15 6 13 2 
Test:
3, 5, 8, 4, 12, 11, 10, 7, 0, 1, 9, 14, 16, 15, 6, 13, 2, 1.5000


optimal: 1046504.0000
sequence:
2 4 7 3 11 10 9 1 
0 8 13 15 14 5 12 6 
X:
79.5000 1571.0000 79.5000 728.0000 322.5000 1158.0000 1571.0000 528.0000 322.5000 1342.5000 1158.0000 953.5000 1342.5000 528.0000 953.5000 728.0000 
indexR:
1 0 0 0 0 1 1 0 1 0 0 0 1 1 1 1 

Offset:
1.5000
layout:
3 5 8 4 12 11 10 2 0 1 9 14 16 15 6 13 7 
Test:
3, 5, 8, 4, 12, 11, 10, 2, 0, 1, 9, 14, 16, 15, 6, 13, 7, 1.5000


optimal: 1046504.0000
sequence:
2 8 13 15 11 10 9 6 
0 4 7 3 14 5 12 1 
X:
79.5000 1571.0000 79.5000 728.0000 322.5000 1158.0000 1571.0000 528.0000 322.5000 1342.5000 1158.0000 953.5000 1342.5000 528.0000 953.5000 728.0000 
indexR:
1 1 0 1 1 1 0 1 0 0 0 0 1 0 1 0 

Offset:
1.5000
layout:
3 9 14 16 12 11 10 7 0 1 5 8 4 15 6 13 2 
Test:
3, 9, 14, 16, 12, 11, 10, 7, 0, 1, 5, 8, 4, 15, 6, 13, 2, 1.5000


optimal: 1046504.0000
sequence:
2 8 13 15 11 10 9 1 
0 4 7 3 14 5 12 6 
X:
79.5000 1571.0000 79.5000 728.0000 322.5000 1158.0000 1571.0000 528.0000 322.5000 1342.5000 1158.0000 953.5000 1342.5000 528.0000 953.5000 728.0000 
indexR:
1 0 0 1 1 1 1 1 0 0 0 0 1 0 1 0 

Offset:
1.5000
layout:
3 9 14 16 12 11 10 2 0 1 5 8 4 15 6 13 7 
Test:
3, 9, 14, 16, 12, 11, 10, 2, 0, 1, 5, 8, 4, 15, 6, 13, 7, 1.5000


optimal: 1046504.0000
sequence:
2 4 7 3 14 5 12 1 
0 8 13 15 11 10 9 6 
X:
79.5000 1571.0000 79.5000 728.0000 322.5000 1158.0000 1571.0000 528.0000 322.5000 1342.5000 1158.0000 953.5000 1342.5000 528.0000 953.5000 728.0000 
indexR:
1 0 0 0 0 0 1 0 1 1 1 1 0 1 0 1 

Offset:
1.5000
layout:
3 5 8 4 15 6 13 2 0 1 9 14 16 12 11 10 7 
Test:
3, 5, 8, 4, 15, 6, 13, 2, 0, 1, 9, 14, 16, 12, 11, 10, 7, 1.5000


optimal: 1046504.0000
sequence:
2 4 7 3 14 5 12 6 
0 8 13 15 11 10 9 1 
X:
79.5000 1571.0000 79.5000 728.0000 322.5000 1158.0000 1571.0000 528.0000 322.5000 1342.5000 1158.0000 953.5000 1342.5000 528.0000 953.5000 728.0000 
indexR:
1 1 0 0 0 0 0 0 1 1 1 1 0 1 0 1 

Offset:
1.5000
layout:
3 5 8 4 15 6 13 7 0 1 9 14 16 12 11 10 2 
Test:
3, 5, 8, 4, 15, 6, 13, 7, 0, 1, 9, 14, 16, 12, 11, 10, 2, 1.5000


